Realized inflation;Immediate inflation;Loan interest rate;Average loan interest rate;Deposit interest rate;Average deposit IR
0;-0.000533033;0;0;0;0
-0.000106607;-0.00357114;0;0;0;0
-0.000799513;-0.00356455;0;0;0;0
-0.00135252;-0.00265611;0;0;0;0
-0.00161324;-0.00132817;0;0;0;0
-0.00155623;-0.000166021;0;0;0;0
-0.00127818;0.000682542;0;0;0;0
-0.000886039;0.0011894;0;0;0;0
-0.00047095;0.00140741;0;0;0;0
-9.52785e-05;0.0013784;0;0;0;0
0.000199457;0.00132038;0;0;0;0
0.000423642;0.00116009;0;0;0;0
0.000570932;0.000981138;0;0;0;0
0.000652973;0.000766797;0;0;0;0
0.000675738;0.000580034;0;0;0;0
0.000656597;0.00036279;0;0;0;0
0.000597836;0.000117045;0;0;0;0
0.000501677;-0.000117651;0;0;0;0
0.000377812;-0.0019998;0;0;0;0
-9.7711e-05;-0.000798072;0;0;0;0
-0.000237783;-0.000516461;0;0;0;0
-0.000293519;-0.000371833;0;0;0;0
-0.000309182;-0.000407398;0;0;0;0
-0.000328825;-0.000686642;0;0;0;0
-0.000400388;-0.000796683;0;0;0;0
-0.000479647;-0.000620854;0;0;0;0
-0.000507889;-0.000462554;0;0;0;0
-0.000498822;-0.000324059;0;0;0;0
-0.000463869;-0.000275287;0;0;0;0
-0.000426153;-0.000318075;0;0;0;0
-0.000404537;-0.000515116;0;0;0;0
-0.000426653;-0.000790891;0;0;0;0
-0.000499501;-0.000660474;0;0;0;0
-0.000531696;-0.000417968;0;0;0;0
-0.00050895;-0.000185452;0;0;0;0
-0.00044425;3.88141e-05;0;0;0;0
-0.000347637;0.000158587;0;0;0;0
-0.000246393;6.88856e-05;0;0;0;0
-0.000183337;-1.53522e-05;0;0;0;0
-0.00014974;-8.52556e-05;0;0;0;0
-0.000136843;-0.00109053;0;0;0;0
-0.00032758;-0.00137595;0;0;0;0
-0.000537255;-0.000602974;0;0;0;0
-0.000550398;-0.000189282;0;0;0;0
-0.000478175;0.000119019;0;0;0;0
-0.000358736;0.000195638;0;0;0;0
-0.000247861;0.00139297;0;0;0;0
8.03044e-05;0.000932927;0;0;0;0
0.000250829;0.000592012;0;0;0;0
0.000319065;0.000470182;0;0;0;0
0.000349289;0.000320082;0;0;0;0
0.000343447;0.000214373;0;0;0;0
0.000317633;-6.3803e-06;0;0;0;0
0.00025283;-0.000152768;0;0;0;0
0.00017171;-0.00154683;0;0;0;0
-0.000171998;-0.00103111;0;0;0;0
-0.000343821;-0.000569371;0;0;0;0
-0.000388931;-0.000300464;0;0;0;0
-0.000371237;-0.000103879;0;0;0;0
-0.000317766;6.68774e-05;0;0;0;0
-0.000240837;0.000117512;0;0;0;0
-0.000169167;9.10557e-05;0;0;0;0
-0.000117123;-9.34829e-05;0;0;0;0
-0.000112395;-0.00051263;0;0;0;0
-0.000192442;-0.00139693;0;0;0;0
-0.000433338;-0.000968274;0;0;0;0
-0.000540326;-0.000344918;0;0;0;0
-0.000501244;-5.62653e-05;0;0;0;0
-0.000412248;0.000174189;0;0;0;0
-0.000294961;0.000242614;0;0;0;0
-0.000187446;0.00105081;0;0;0;0
6.02056e-05;0.000827655;0;0;0;0
0.000213695;0.000496703;0;0;0;0
0.000270297;0.000370856;0;0;0;0
0.000290409;0.000258551;0;0;0;0
0.000284037;9.6292e-05;0;0;0;0
0.000246488;-0.000158861;0;0;0;0
0.000165418;-0.000317001;0;0;0;0
6.89344e-05;-0.00118864;0;0;0;0
-0.00018258;-0.00103552;0;0;0;0
-0.000353167;-0.000629159;0;0;0;0
-0.000408366;-0.000333487;0;0;0;0
-0.00039339;-0.00016924;0;0;0;0
-0.00034856;3.19107e-05;0;0;0;0
-0.000272466;0.000197285;0;0;0;0
-0.000178516;0.000242704;0;0;0;0
-9.42718e-05;0.000152038;0;0;0;0
-4.50098e-05;0.000225913;0;0;0;0
9.1748e-06;0.000440905;0;0;0;0
9.55209e-05;0.000540869;0;0;0;0
0.000184591;0.000406565;0;0;0;0
0.000228986;0.000180585;0;0;0;0
0.000219305;-7.96216e-05;0;0;0;0
0.00015952;-0.000253706;0;0;0;0
7.68748e-05;-0.00117109;0;0;0;0
-0.000172717;-0.00100161;0;0;0;0
-0.000338496;-0.000747877;0;0;0;0
-0.000420372;-0.000490012;0;0;0;0
-0.0004343;-0.000376645;0;0;0;0
-0.000422769;-0.000207405;0;0;0;0
-0.000379696;-6.0209e-05;0;0;0;0
-0.000315799;0.00014462;0;0;0;0
-0.000223715;0.000358461;0;0;0;0
-0.00010728;0.000366353;0;0;0;0
-1.25532e-05;0.000655028;0;0;0;0
0.000120963;0.000494291;0;0;0;0
0.000195629;0.000333278;0;0;0;0
0.000223159;0.000141532;0;0;0;0
0.000206833;-3.59497e-05;0;0;0;0
0.000158277;-0.00026678;0;0;0;0
7.32653e-05;-0.00104666;0;0;0;0
-0.00015072;-0.000959821;0;0;0;0
-0.00031254;-0.000759011;0;0;0;0
-0.000401834;-0.00053819;0;0;0;0
-0.000429105;-0.000386865;0;0;0;0
-0.000420657;-0.000182739;0;0;0;0
-0.000373073;-1.68819e-05;0;0;0;0
-0.000301835;0.000253552;0;0;0;0
-0.000190758;0.000447841;0;0;0;0
-6.3038e-05;0.00071098;0;0;0;0
9.17657e-05;0.000555082;0;0;0;0
0.000184429;0.000335427;0;0;0;0
0.000214629;0.000207484;0;0;0;0
0.0002132;4.35697e-06;0;0;0;0
0.000171431;-0.000225118;0;0;0;0
9.21213e-05;-0.000475102;0;0;0;0
-2.13235e-05;-0.00102187;0;0;0;0
-0.000221433;-0.000952063;0;0;0;0
-0.000367559;-0.000643734;0;0;0;0
-0.000422794;-0.000392495;0;0;0;0
-0.000416734;-0.000229343;0;0;0;0
-0.000379256;1.43717e-05;0;0;0;0
-0.00030053;0.000337945;0;0;0;0
-0.000172835;0.000551555;0;0;0;0
-2.79572e-05;0.000599307;0;0;0;0
9.74957e-05;0.000488505;0;0;0;0
0.000175698;0.000353612;0;0;0;0
0.00021128;0.000185856;0;0;0;0
0.000206196;7.8931e-05;0;0;0;0
0.000180743;-0.00012427;0;0;0;0
0.00011974;-0.000290783;0;0;0;0
3.76357e-05;-0.00107626;0;0;0;0
-0.000185143;-0.000963162;0;0;0;0
-0.000340747;-0.000574532;0;0;0;0
-0.000387504;-0.000402581;0;0;0;0
-0.00039052;-0.000176456;0;0;0;0
-0.000347707;6.27129e-05;0;0;0;0
-0.000265623;0.000361893;0;0;0;0
-0.00014012;0.000637569;0;0;0;0
1.5418e-05;0.000528105;0;0;0;0
0.000117955;0.000392347;0;0;0;0
0.000172834;0.000276973;0;0;0;0
0.000193662;0.000218666;0;0;0;0
0.000198663;0.00011334;0;0;0;0
0.000181598;-5.56822e-05;0;0;0;0
0.000134142;-0.000264885;0.00011301;0;-0.000112985;0
5.43368e-05;-0.000629855;0;2.26021e-05;0;-2.25969e-05
-8.25015e-05;-0.00112254;0;1.80816e-05;0;-1.80776e-05
-0.000290509;-0.000822652;0;1.44653e-05;0;-1.4462e-05
-0.000396938;-0.000480244;0;1.15723e-05;0;-1.15696e-05
-0.000413599;-0.000171547;0;9.2578e-06;0;-9.25571e-06
-0.000365189;8.29147e-05;0;7.40624e-06;0;-7.40457e-06
-0.000275568;0.000389522;0;5.92499e-06;0;-5.92365e-06
-0.00014255;0.000558998;0;4.73999e-06;0;-4.73892e-06
-2.24036e-06;0.000473295;0;3.792e-06;0;-3.79114e-06
9.28667e-05;0.00036506;0;3.0336e-06;0;-3.03291e-06
0.000147305;0.000311576;0;2.42688e-06;0;-2.42633e-06
0.000180159;0.00023324;0;1.9415e-06;0;-1.94106e-06
0.000190776;8.38559e-05;0;1.5532e-06;0;-1.55285e-06
0.000169392;3.94728e-05;0.000114544;1.24256e-06;-0.000114518;-1.24228e-06
0.000143408;-9.37447e-05;0.000111699;2.39029e-05;-0.000111674;-2.38975e-05
9.59774e-05;-0.000241896;0;4.14622e-05;0;-4.14528e-05
2.84027e-05;-0.0004561;0.000115853;3.31698e-05;-0.000115826;-3.31623e-05
-6.84978e-05;-0.00130963;0.000115264;4.97063e-05;-0.000115237;-4.9695e-05
-0.000316724;-0.000797423;0;6.28178e-05;0;-6.28034e-05
-0.000412864;-0.000427607;0.000112214;5.02542e-05;-0.000112189;-5.02427e-05
-0.000415812;-6.0547e-05;0.000117051;6.26462e-05;-0.000117024;-6.2632e-05
-0.000344759;0.000260566;0.000114328;7.35272e-05;-0.000114302;-7.35104e-05
-0.000223694;0.000525393;0.00011314;8.16874e-05;-0.000113115;-8.16687e-05
-7.38768e-05;0.000527566;0;8.7978e-05;0;-8.79579e-05
4.64117e-05;0.000503786;0;7.03824e-05;0;-7.03663e-05
0.000137887;0.000424915;0;5.63059e-05;0;-5.62931e-05
0.000195292;0.000296185;0;4.50448e-05;0;-4.50345e-05
0.000215471;0.000193874;0.000452509;3.60358e-05;-0.0004521;-3.60276e-05
0.000211151;2.94706e-05;0;0.00011933;0;-0.000119242
0.000174815;8.99154e-05;0.000115255;9.54644e-05;-0.000115229;-9.53936e-05
0.000157835;-0.00011086;0;9.94225e-05;0;-9.93606e-05
0.000104096;-0.000264638;0.000114172;7.9538e-05;-0.000114146;-7.94885e-05
3.03493e-05;-0.00123706;0.000224494;8.64648e-05;-0.000224393;-8.642e-05
-0.000223132;-0.00101151;0.000112104;0.000114071;-0.000112078;-0.000114015
-0.000380807;-0.000491352;0;0.000113677;0;-0.000113627
-0.000402916;-0.000246239;0.000114305;9.09418e-05;-0.000114279;-9.0902e-05
-0.000371581;-1.52625e-05;0.000227384;9.56144e-05;-0.000227281;-9.55773e-05
-0.000300317;0.000321981;0.000342266;0.000121968;-0.000342031;-0.000121918
-0.000175857;0.000537229;0.000377402;0.000166028;-0.000377118;-0.000165941
-3.32402e-05;0.000564605;0.000325309;0.000208303;-0.000325098;-0.000208176
8.63289e-05;0.00054682;4.51131e-05;0.000231704;-4.51091e-05;-0.00023156
0.000178427;0.000383605;0.000223678;0.000194386;-0.000223578;-0.00019427
0.000219463;0.000255605;0.000197395;0.000200244;-0.000197317;-0.000200132
0.000226691;0.000136471;0.000275729;0.000199674;-0.000275577;-0.000199569
0.000208647;-8.74411e-05;0.000242402;0.000214885;-0.000242285;-0.00021477
0.00014943;-0.000199791;0.000435004;0.000220389;-0.000434626;-0.000220273
7.95854e-05;-0.000401289;0.00053373;0.000263312;-0.000533161;-0.000263144
-1.65894e-05;-0.00113149;0;0.000317395;0;-0.000317147
-0.000239569;-0.000777727;0;0.000253916;0;-0.000253718
-0.000347201;-0.000580199;0.000222833;0.000203133;-0.000222733;-0.000202974
-0.0003938;-0.000443427;0.000339724;0.000207073;-0.000339493;-0.000206926
-0.000403726;-0.000154203;0.000547306;0.000233603;-0.000546708;-0.00023344
-0.000353821;0.000144039;0.000545086;0.000296344;-0.000544493;-0.000296093
-0.000254249;0.000601854;0.000439791;0.000346092;-0.000439405;-0.000345773
-8.30282e-05;0.000594879;0.000544788;0.000364832;-0.000544195;-0.000364499
5.25532e-05;0.000480579;0.000744111;0.000400823;-0.000743005;-0.000400438
0.000138158;0.000416148;0.000834045;0.000469481;-0.000832656;-0.000468952
0.000193756;0.000436313;0.000794946;0.000542394;-0.000793684;-0.000541693
0.000242268;0.0003703;0.000748134;0.000592904;-0.000747017;-0.000592091
0.000267874;0.000313234;0.000734585;0.00062395;-0.000733507;-0.000623076
0.000276946;0.000221821;0.000707653;0.000646077;-0.000706653;-0.000645162
0.000265921;0.000138907;0.000695925;0.000658392;-0.000694957;-0.00065746
0.000240518;4.00942e-07;0.000673835;0.000665899;-0.000672928;-0.00066496
0.000192495;-0.00020423;0.000757573;0.000667486;-0.000756427;-0.000666553
0.00011315;-0.000414962;0.000866268;0.000685503;-0.00086477;-0.000684528
7.52748e-06;-0.00128742;0.00085072;0.000721656;-0.000849275;-0.000720576
-0.000251462;-0.000867195;0.00107126;0.000747469;-0.00106897;-0.000746316
-0.000374608;-0.000513815;0.00117805;0.000812228;-0.00117529;-0.000810847
-0.00040245;-0.000141866;0.00115954;0.000885393;-0.00115686;-0.000883735
-0.000350333;0.000215669;0.00126683;0.000940222;-0.00126363;-0.000938359
-0.000237133;0.000483537;0.00136649;0.00100554;-0.00136277;-0.00100341
-9.29986e-05;0.000567334;0.00158667;0.00107773;-0.00158165;-0.00107528
3.90678e-05;0.000573017;0.00178631;0.00117952;-0.00177995;-0.00117656
0.000145858;0.000551706;0.00176631;0.00130088;-0.00176009;-0.00129724
0.000227027;0.000548906;0.0018369;0.00139396;-0.00183018;-0.00138981
0.000291403;0.000499854;0.00204505;0.00148255;-0.00203672;-0.00147788
0.000333093;0.000386268;0.00202712;0.00159505;-0.00201894;-0.00158965
0.000343728;0.00032777;0.00200745;0.00168147;-0.00199943;-0.00167551
0.000340537;0.000290748;0.00199463;0.00174666;-0.00198671;-0.00174029
0.000330579;0.000238629;0.00189135;0.00179626;-0.00188422;-0.00178957
0.000312189;0.00016081;0.00198113;0.00181527;-0.00197331;-0.0018085
0.000281913;-1.26092e-05;0.00196949;0.00184845;-0.00196176;-0.00184146
0.000223008;-0.000127113;0.00194996;0.00187265;-0.00194239;-0.00186552
0.000152984;-0.000261858;0.00192923;0.00188812;-0.00192181;-0.0018809
7.00157e-05;-0.00118497;0.00188681;0.00189634;-0.00187972;-0.00188908
-0.000180982;-0.000989953;0.00187355;0.00189443;-0.00186656;-0.00188721
-0.000342776;-0.000596939;0.00196544;0.00189026;-0.00195774;-0.00188308
-0.000393608;-0.000327304;0.00195601;0.00190529;-0.00194839;-0.00189801
-0.000380348;-2.27278e-05;0.00206403;0.00191544;-0.00205554;-0.00190809
-0.000308824;0.000225435;0.00203111;0.00194515;-0.0020229;-0.00193758
-0.000201972;0.000571665;0.00202713;0.00196235;-0.00201894;-0.00195464
-4.72444e-05;0.000529629;0.00202534;0.0019753;-0.00201717;-0.0019675
6.81302e-05;0.000484581;0.00198628;0.00198531;-0.00197842;-0.00197743
0.00015142;0.000355049;0.00196315;0.0019855;-0.00195547;-0.00197763
0.000192146;0.000299421;0.00195259;0.00198103;-0.001945;-0.0019732
0.000213601;0.000227318;0.00193897;0.00197535;-0.00193148;-0.00196756
0.000216344;0.00012392;0.00193171;0.00196807;-0.00192428;-0.00196034
0.00019786;-5.37304e-05;0.00191582;0.0019608;-0.0019085;-0.00195313
0.000147542;-0.000225932;0.00189078;0.0019518;-0.00188366;-0.00194421
7.28468e-05;-0.000434014;0.00188632;0.0019396;-0.00187923;-0.0019321
-2.85253e-05;-0.00126076;0.00186982;0.00192894;-0.00186285;-0.00192152
-0.000274972;-0.000857586;0.00182433;0.00191712;-0.00181769;-0.00190979
-0.000391495;-0.000469525;0.00181239;0.00189856;-0.00180585;-0.00189137
-0.000407101;-0.000248508;0.00180862;0.00188133;-0.0018021;-0.00187426
-0.000375382;5.07734e-05;0.00180583;0.00186678;-0.00179933;-0.00185983
-0.000290151;0.000293992;0.00180438;0.00185459;-0.0017979;-0.00184773
-0.000173323;0.000523857;0.00180311;0.00184455;-0.00179663;-0.00183776
-3.38866e-05;0.000473002;0.00180092;0.00183626;-0.00179445;-0.00182954
6.7491e-05;0.000433612;0.00178881;0.00182919;-0.00178244;-0.00182252
0.000140715;0.000330669;0.00178396;0.00182112;-0.00177762;-0.0018145
0.000178706;0.000247103;0.00177539;0.00181369;-0.00176911;-0.00180713
0.000192385;0.000123918;0.00176611;0.00180603;-0.0017599;-0.00179952
0.000178692;3.04416e-05;0.00175319;0.00179804;-0.00174706;-0.0017916
0.000149042;-0.000125621;0.00174556;0.00178907;-0.00173949;-0.00178269
9.41094e-05;-0.000258161;0.0017311;0.00178037;-0.00172512;-0.00177405
2.36553e-05;-0.000779415;0.00169181;0.00177052;-0.00168611;-0.00176426
-0.000136959;-0.00114478;0.00168982;0.00175477;-0.00168413;-0.00174863
-0.000338523;-0.000619922;0.00168565;0.00174178;-0.00167998;-0.00173573
-0.000394802;-0.000290287;0.00167974;0.00173056;-0.00167412;-0.00172458
-0.000373899;-6.53144e-05;0.00166718;0.00172039;-0.00166164;-0.00171449
-0.000312182;0.000215148;0.00166321;0.00170975;-0.00165769;-0.00170392
-0.000206716;0.000462515;0.0016563;0.00170044;-0.00165083;-0.00169467
-7.28699e-05;0.000490283;0.00163941;0.00169161;-0.00163405;-0.0016859
3.97606e-05;0.000434934;0.00163858;0.00168117;-0.00163323;-0.00167553
0.000118795;0.000404479;0.00162927;0.00167265;-0.00162398;-0.00166707
0.000175932;0.000322772;0.0016287;0.00166398;-0.00162341;-0.00165845
0.0002053;0.000234293;0.0016283;0.00165692;-0.00162301;-0.00165145
0.000211099;0.000162996;0.00162454;0.0016512;-0.00161927;-0.00164576
0.000201478;3.6487e-05;0.00162408;0.00164586;-0.00161882;-0.00164046
0.00016848;-9.74373e-05;0.00161754;0.00164151;-0.00161232;-0.00163613
0.000115296;-0.000269164;0.00153157;0.00163671;-0.0015269;-0.00163137
3.84042e-05;-0.000459181;0.00152836;0.00161569;-0.0015237;-0.00161048
-6.11128e-05;-0.0012988;0.00152426;0.00159822;-0.00151963;-0.00159312
-0.000308651;-0.000770484;0.00151988;0.00158343;-0.00151527;-0.00157842
-0.000401018;-0.000420689;0.00151396;0.00157072;-0.00150939;-0.00156579
-0.000404952;-0.000145651;0.0015046;0.00155937;-0.00150009;-0.00155451
-0.000353092;0.000156186;0.00149909;0.00154841;-0.00149461;-0.00154363
-0.000251236;0.000398118;0.00149061;0.00153855;-0.00148618;-0.00153382
-0.000121365;0.000551748;0.00148959;0.00152896;-0.00148517;-0.0015243
1.32573e-05;0.000528591;0.00148853;0.00152109;-0.00148411;-0.00151647
0.000116324;0.000454095;0.00148185;0.00151458;-0.00147747;-0.00151
0.000183878;0.000400851;0.00146927;0.00150803;-0.00146497;-0.00150349
0.000227273;0.000301058;0.00146794;0.00150028;-0.00146365;-0.00149579
0.00024203;0.000235585;0.00146749;0.00149381;-0.0014632;-0.00148936
0.000240741;0.000105178;0.0014661;0.00148855;-0.00146182;-0.00148413
0.000213628;3.16683e-05;0.00146369;0.00148406;-0.00145941;-0.00147967
0.000177236;-7.86262e-05;0.00146341;0.00147998;-0.00145913;-0.00147562
0.000126064;-0.000277779;0.00145443;0.00147667;-0.00145021;-0.00147232
4.52953e-05;-0.000615487;0.00145266;0.00147222;-0.00144846;-0.0014679
-8.68612e-05;-0.00129657;0.00144947;0.00146831;-0.00144528;-0.00146401
-0.000328803;-0.000733558;0.00144603;0.00146454;-0.00144186;-0.00146026
-0.000409754;-0.000413151;0.00144248;0.00146084;-0.00143833;-0.00145658
-0.000410433;-4.88766e-05;0.00143965;0.00145717;-0.00143551;-0.00145293
-0.000338122;0.000306567;0.00143791;0.00145366;-0.00143378;-0.00144945
-0.000209184;0.000576622;0;0.00145051;0;-0.00144632
-5.20228e-05;0.00040059;0;0.00116041;0;-0.00115705
3.84997e-05;-2.20589e-05;0;0.000928327;0;-0.000925642
2.6388e-05;-0.00035636;0;0.000742662;0;-0.000740513
-5.01616e-05;-0.00125591;0;0.00059413;0;-0.000592411
-0.000291312;-0.000892422;0;0.000475304;0;-0.000473929
-0.000411534;-0.000716923;0;0.000380243;0;-0.000379143
-0.000472612;-0.000541035;0;0.000304194;0;-0.000303314
-0.000486296;-0.000396462;0;0.000243355;0;-0.000242651
-0.00046833;-0.000143482;0;0.000194684;0;-0.000194121
-0.00040336;7.50757e-05;0;0.000155748;0;-0.000155297
-0.000307673;0.00041162;0;0.000124598;0;-0.000124238
-0.000163814;0.000519734;0;9.96784e-05;0;-9.939e-05
-2.71046e-05;0.000466339;0;7.97427e-05;0;-7.9512e-05
7.15842e-05;0.00035386;0;6.37942e-05;0;-6.36096e-05
0.000128039;0.000218389;0;5.10353e-05;0;-5.08877e-05
0.000146109;0.000165122;0;4.08283e-05;0;-4.07102e-05
0.000149912;0.000128967;0;3.26626e-05;0;-3.25681e-05
0.000145723;8.65849e-05;0;2.61301e-05;0;-2.60545e-05
0.000133895;5.33794e-05;0;2.09041e-05;0;-2.08436e-05
0.000117792;-1.6694e-05;0;1.67233e-05;0;-1.66749e-05
9.0895e-05;-7.66324e-05;0;1.33786e-05;0;-1.33399e-05
5.73895e-05;-0.000188341;0;1.07029e-05;0;-1.06719e-05
8.24347e-06;-0.000372831;0;8.56231e-06;0;-8.53754e-06
-6.79714e-05;-0.00152237;0;6.84985e-06;0;-6.83003e-06
-0.000358852;-0.000785964;0;5.47988e-06;0;-5.46402e-06
-0.000444274;-0.000293739;0;4.3839e-06;0;-4.37122e-06
-0.000414167;7.58529e-05;0;3.50712e-06;0;-3.49698e-06
-0.000316163;0.00043885;0;2.8057e-06;0;-2.79758e-06
-0.000165161;0.000638295;0;2.24456e-06;0;-2.23806e-06
-4.46971e-06;0.000555922;0;1.79565e-06;0;-1.79045e-06
0.000107609;0.000605565;0;1.43652e-06;0;-1.43236e-06
0.0002072;0.000513525;0;1.14921e-06;0;-1.14589e-06
0.000268465;0.000418366;0;9.19371e-07;0;-9.16711e-07
0.000298445;0.00032943;0;7.35497e-07;0;-7.33369e-07
0.000304642;0.000256498;0;5.88397e-07;0;-5.86695e-07
0.000295013;0.000197839;0;4.70718e-07;0;-4.69356e-07
0.000275578;6.75593e-05;0;3.76574e-07;0;-3.75485e-07
0.000233975;-3.49296e-05;0;3.01259e-07;0;-3.00388e-07
0.000180194;-9.53667e-05;0;2.41008e-07;0;-2.4031e-07
0.000125082;-0.000241414;0;1.92806e-07;0;-1.92248e-07
5.17825e-05;-0.000395774;0;1.54245e-07;0;-1.53799e-07
-3.77288e-05;-0.00134242;0;1.23396e-07;0;-1.23039e-07
-0.000298668;-0.000766273;0;9.87167e-08;0;-9.84311e-08
-0.000392189;-0.000303267;0;7.89734e-08;0;-7.87449e-08
-0.000374405;7.83643e-05;0;6.31787e-08;0;-6.29959e-08
-0.000283851;0.000390132;0;5.0543e-08;0;-5.03967e-08
-0.000149054;0.000657601;0;4.04344e-08;0;-4.03174e-08
1.22768e-05;0.000547693;0;3.23475e-08;0;-3.22539e-08
0.00011936;0.000548768;0;2.5878e-08;0;-2.58031e-08
0.000205241;0.0005121;0;2.07024e-08;0;-2.06425e-08
0.000266613;0.00041415;0;1.65619e-08;0;-1.6514e-08
0.000296121;0.000368875;0;1.32495e-08;0;-1.32112e-08
0.000310671;0.000296616;0;1.05996e-08;0;-1.0569e-08
0.00030786;0.000216419;0;8.4797e-09;0;-8.45517e-09
0.000289572;0.000146162;0;6.78376e-09;0;-6.76413e-09
0.00026089;7.85188e-05;0;5.42701e-09;0;-5.41131e-09
0.000224416;5.0599e-06;0;4.34161e-09;0;-4.32905e-09
0.000180545;-2.45641e-05;0;3.47329e-09;0;-3.46324e-09
0.000139523;-9.25636e-05;0;2.77863e-09;0;-2.77059e-09
9.31056e-05;-0.000162677;0;2.2229e-09;0;-2.21647e-09
4.19491e-05;-0.000285355;0;1.77832e-09;0;-1.77318e-09
-2.35116e-05;-0.0014841;0;1.42266e-09;0;-1.41854e-09
-0.000315629;-0.000875543;0;1.13813e-09;0;-1.13483e-09
-0.000427612;-0.000292767;0;9.10501e-10;0;-9.07867e-10
-0.000400643;0.000102119;0;7.28401e-10;0;-7.26293e-10
-0.00030009;0.000400093;0;5.82721e-10;0;-5.81035e-10
-0.000160054;0.000669939;0;4.66176e-10;0;-4.64828e-10
5.94472e-06;0.000638313;0;3.72941e-10;0;-3.71862e-10
0.000132418;0.000626853;0;2.98353e-10;0;-2.9749e-10
0.000231305;0.000501178;0;2.38682e-10;0;-2.37992e-10
0.00028528;0.000459437;0;1.90946e-10;0;-1.90393e-10
0.000320111;0.000404298;0;1.52757e-10;0;-1.52315e-10
0.000336949;0.000320561;0;1.22205e-10;0;-1.21852e-10
0.000333671;0.000292786;0;9.77643e-11;0;-9.74814e-11
0.000325494;0.000231787;0;7.82114e-11;0;-7.79852e-11
0.000306753;0.000198715;0;6.25691e-11;0;-6.23881e-11
0.000285145;0.000146271;0;5.00553e-11;0;-4.99105e-11
0.00025737;0.000101979;0;4.00443e-11;0;-3.99284e-11
0.000226292;0.000110627;0;3.20354e-11;0;-3.19427e-11
0.000203159;9.57901e-05;0;2.56283e-11;0;-2.55542e-11
0.000181685;7.43067e-05;0;2.05027e-11;0;-2.04433e-11
0.00016021;0.000101394;0;1.64021e-11;0;-1.63547e-11
0.000148446;9.01968e-05;0;1.31217e-11;0;-1.30837e-11
0.000136796;8.74914e-05;0;1.04974e-11;0;-1.0467e-11
0.000126935;7.91606e-05;0;8.39789e-12;0;-8.37359e-12
0.00011738;0.000107562;0;6.71831e-12;0;-6.69887e-12
0.000115417;0.000128403;0;5.37465e-12;0;-5.3591e-12
0.000118014;0.000209364;0;4.29972e-12;0;-4.28728e-12
0.000136284;0.000286092;0;3.43978e-12;0;-3.42982e-12
0.000166245;0.000314132;0;2.75182e-12;0;-2.74386e-12
0.000195823;0.00028233;0;2.20146e-12;0;-2.19509e-12
0.000213124;0.000227778;0;1.76116e-12;0;-1.75607e-12
0.000216055;0.000150792;0;1.40893e-12;0;-1.40486e-12
0.000203002;9.75563e-05;0;1.12715e-12;0;-1.12388e-12
0.000181913;6.64053e-05;0;9.01716e-13;0;-8.99108e-13
0.000158812;-1.61682e-05;0;7.21373e-13;0;-7.19286e-13
0.000123816;-6.38633e-05;0;5.77099e-13;0;-5.75429e-13
8.62799e-05;-4.55674e-05;0;4.61679e-13;0;-4.60343e-13
5.99104e-05;-6.08674e-05;0;3.69343e-13;0;-3.68274e-13
3.57548e-05;-5.57659e-05;0;2.95474e-13;0;-2.9462e-13
1.74507e-05;-0.000114684;0;2.3638e-13;0;-2.35696e-13
-8.97634e-06;-0.000172212;0;1.89104e-13;0;-1.88557e-13
-4.16236e-05;-0.00147427;0;1.51283e-13;0;-1.50845e-13
-0.000328153;-0.00103604;0;1.21026e-13;0;-1.20676e-13
-0.000469731;-0.00025574;0;9.68211e-14;0;-9.65409e-14
-0.000426933;0.000147499;0;7.74569e-14;0;-7.72328e-14
-0.000312046;0.000483316;0;6.19655e-14;0;-6.17862e-14
-0.000152974;0.000689354;0;4.95724e-14;0;-4.9429e-14
1.54917e-05;0.000603215;0;3.96579e-14;0;-3.95432e-14
0.000133036;0.000665251;0;3.17263e-14;0;-3.16345e-14
0.000239479;0.000556256;0;2.53811e-14;0;-2.53076e-14
0.000302835;0.000507703;0;2.03048e-14;0;-2.02461e-14
0.000343808;0.00047423;0;1.62439e-14;0;-1.61969e-14
0.000369893;0.000419261;0;1.29951e-14;0;-1.29575e-14
0.000379766;0.000370324;0;1.03961e-14;0;-1.0366e-14
0.000377878;0.000309054;0;8.31687e-15;0;-8.2928e-15
0.000364113;0.000224009;0;6.65349e-15;0;-6.63424e-15
0.000336092;0.000186726;0;5.32279e-15;0;-5.30739e-15
0.000306219;0.00016595;0;4.25824e-15;0;-4.24592e-15
0.000278165;0.000204156;0;3.40659e-15;0;-3.39673e-15
0.000263363;0.00020741;0;2.72527e-15;0;-2.71739e-15
0.000252173;0.000261409;0;2.18022e-15;0;-2.17391e-15
0.00025402;0.000229363;0;1.74417e-15;0;-1.73913e-15
0.000249089;0.00021526;0;1.39534e-15;0;-1.3913e-15
0.000242323;0.000203331;0;1.11627e-15;0;-1.11304e-15
0.000234524;0.000221483;0;8.93017e-16;0;-8.90433e-16
0.000231916;0.000191845;0;7.14413e-16;0;-7.12346e-16
0.000223902;0.000180521;0;5.71531e-16;0;-5.69877e-16
0.000215226;0.000206318;0;4.57225e-16;0;-4.55902e-16
0.000213444;0.000191683;0;3.6578e-16;0;-3.64721e-16
0.000209092;0.000181672;0;2.92624e-16;0;-2.91777e-16
0.000203608;0.000188075;0;2.34099e-16;0;-2.33422e-16
0.000200502;0.000195482;0;1.87279e-16;0;-1.86737e-16
0.000199498;0.000237509;0;1.49823e-16;0;-1.4939e-16
0.0002071;0.000219137;0;1.19859e-16;0;-1.19512e-16
0.000209507;0.000221791;0;9.58869e-17;0;-9.56095e-17
0.000211964;0.0002445;0;7.67096e-17;0;-7.64876e-17
0.000218471;0.000257211;0;6.13676e-17;0;-6.11901e-17
0.000226219;0.000168858;0;4.90941e-17;0;-4.89521e-17
0.000214747;0.000150591;0;3.92753e-17;0;-3.91617e-17
0.000201916;8.29043e-05;0;3.14202e-17;0;-3.13293e-17
0.000178113;0.000137373;0;2.51362e-17;0;-2.50635e-17
0.000169965;0.000213615;0;2.01089e-17;0;-2.00508e-17
0.000178695;0.0003074;0;1.60872e-17;0;-1.60406e-17
0.000204436;0.000375818;0;1.28697e-17;0;-1.28325e-17
0.000238713;0.000313951;0;1.02958e-17;0;-1.0266e-17
0.00025376;0.000325791;0;8.23663e-18;0;-8.2128e-18
0.000268166;0.000257428;0;6.5893e-18;0;-6.57024e-18
0.000266019;0.000196689;0;5.27144e-18;0;-5.25619e-18
0.000252153;0.000168768;0;4.21715e-18;0;-4.20495e-18
0.000235476;0.000179328;0;3.37372e-18;0;-3.36396e-18
0.000224246;0.000181974;0;2.69898e-18;0;-2.69117e-18
0.000215792;0.000250717;0;2.15918e-18;0;-2.15294e-18
0.000222777;0.000218375;0;1.72735e-18;0;-1.72235e-18
0.000221897;0.000264355;0;1.38188e-18;0;-1.37788e-18
0.000230388;0.000291899;0;1.1055e-18;0;-1.1023e-18
0.00024269;0.000263538;0;8.84401e-19;0;-8.81842e-19
0.00024686;0.000232972;0;7.07521e-19;0;-7.05474e-19
0.000244082;0.000236194;0;5.66017e-19;0;-5.64379e-19
0.000242505;0.00026817;0;4.52813e-19;0;-4.51503e-19
0.000247638;0.000277741;0;3.62251e-19;0;-3.61203e-19
0.000253658;0.000251262;0;2.898e-19;0;-2.88962e-19
0.000253179;0.000284404;0;2.3184e-19;0;-2.3117e-19
0.000259424;0.000265264;0;1.85472e-19;0;-1.84936e-19
0.000260592;0.000238999;0;1.48378e-19;0;-1.47949e-19
0.000256273;0.000209996;0;1.18702e-19;0;-1.18359e-19
0.000247018;0.000186794;0;9.49618e-20;0;-9.46871e-20
0.000234973;0.00022833;0;7.59695e-20;0;-7.57497e-20
0.000233645;0.00024404;0;6.07756e-20;0;-6.05997e-20
0.000235724;0.000248293;0;4.86205e-20;0;-4.84798e-20
0.000238237;0.000254954;0;3.88964e-20;0;-3.87838e-20
0.000241581;0.00027523;0;3.11171e-20;0;-3.10271e-20
0.000248311;0.000253103;0;2.48937e-20;0;-2.48217e-20
0.000249269;0.000247697;0;1.99149e-20;0;-1.98573e-20
0.000248955;0.000244499;0;1.5932e-20;0;-1.58859e-20
0.000248064;0.000246461;0;1.27456e-20;0;-1.27087e-20
0.000247743;0.000289471;0;1.01964e-20;0;-1.01669e-20
0.000256089;0.000309063;0;8.15716e-21;0;-8.13356e-21
0.000266684;0.000306336;0;6.52573e-21;0;-6.50685e-21
0.000274614;0.000296522;0;5.22058e-21;0;-5.20548e-21
0.000278996;0.000272331;0;4.17647e-21;0;-4.16438e-21
0.000277663;0.000253318;0;3.34117e-21;0;-3.33151e-21
0.000272794;0.000268912;0;2.67294e-21;0;-2.6652e-21
0.000272017;0.000268969;0;2.13835e-21;0;-2.13216e-21
0.000271408;0.000269506;0;1.71068e-21;0;-1.70573e-21
0.000271027;0.000279081;0;1.36854e-21;0;-1.36458e-21
0.000272638;0.000297239;0;1.09484e-21;0;-1.09167e-21
0.000277558;0.000297625;0;8.75868e-22;0;-8.73334e-22
0.000281572;0.000279777;0;7.00695e-22;0;-6.98667e-22
0.000281213;0.000244861;0;5.60556e-22;0;-5.58934e-22
0.000273942;0.000262244;0;4.48445e-22;0;-4.47147e-22
0.000271603;0.000231635;0;3.58756e-22;0;-3.57718e-22
0.000263609;0.000278493;0;2.87005e-22;0;-2.86174e-22
0.000266586;0.000326382;0;2.29604e-22;0;-2.28939e-22
0.000278545;0.000342182;0;1.83683e-22;0;-1.83151e-22
0.000291273;0.000316268;0;1.46946e-22;0;-1.46521e-22
0.000296272;0.000327823;0;1.17557e-22;0;-1.17217e-22
0.000302582;0.000231872;0;9.40456e-23;0;-9.37735e-23
0.00028844;0.000213534;0;7.52365e-23;0;-7.50188e-23
0.000273459;0.000236141;0;6.01892e-23;0;-6.00151e-23
0.000265995;0.000260218;0;4.81514e-23;0;-4.80121e-23
0.00026484;0.000321231;0;3.85211e-23;0;-3.84096e-23
0.000276118;0.00034457;0;3.08169e-23;0;-3.07277e-23
0.000289808;0.000301082;0;2.46535e-23;0;-2.45822e-23
0.000292063;0.000316377;0;1.97228e-23;0;-1.96657e-23
0.000296926;0.000323792;0;1.57782e-23;0;-1.57326e-23
0.000302299;0.000277375;0;1.26226e-23;0;-1.25861e-23
0.000297314;0.000258417;0;1.00981e-23;0;-1.00689e-23
0.000289535;0.000292727;0;8.07846e-24;0;-8.05509e-24
0.000290173;0.000316957;0;6.46277e-24;0;-6.44407e-24
0.00029553;0.000339974;0;5.17021e-24;0;-5.15526e-24
0.000304419;0.000286697;0;4.13617e-24;0;-4.1242e-24
0.000300875;0.000255916;0;3.30894e-24;0;-3.29936e-24
0.000291883;0.000264218;0;2.64715e-24;0;-2.63949e-24
0.00028635;0.000243596;0;2.11772e-24;0;-2.11159e-24
0.000277799;0.000324537;0;1.69418e-24;0;-1.68927e-24
0.000287147;0.000357791;0;1.35534e-24;0;-1.35142e-24
0.000301276;0.000348091;0;1.08427e-24;0;-1.08114e-24
0.000310639;0.000379813;0;8.67418e-25;0;-8.64908e-25
0.000324473;0.000331555;0;6.93934e-25;0;-6.91927e-25
0.00032589;0.000356653;0;5.55147e-25;0;-5.53541e-25
0.000332043;0.000313937;0;4.44118e-25;0;-4.42833e-25
0.000328421;0.000313867;0;3.55294e-25;0;-3.54266e-25
0.00032551;0.000288215;0;2.84235e-25;0;-2.83413e-25
0.000318051;0.000336121;0;2.27388e-25;0;-2.26731e-25
0.000321665;0.000249968;0;1.81911e-25;0;-1.81384e-25
0.000307326;0.000314334;0;1.45529e-25;0;-1.45108e-25
0.000308727;0.000348456;0;1.16423e-25;0;-1.16086e-25
0.000316673;0.000409501;0;9.31383e-26;0;-9.28688e-26
0.000335239;0.000366702;0;7.45106e-26;0;-7.42951e-26
0.000341532;0.000348046;0;5.96085e-26;0;-5.9436e-26
0.000342834;0.000327117;0;4.76868e-26;0;-4.75488e-26
0.000339691;0.000318772;0;3.81494e-26;0;-3.80391e-26
0.000335507;0.000333503;0;3.05196e-26;0;-3.04313e-26
0.000335106;0.000329224;0;2.44156e-26;0;-2.4345e-26
0.00033393;0.000305647;0;1.95325e-26;0;-1.9476e-26
0.000328273;0.000332349;0;1.5626e-26;0;-1.55808e-26
0.000329088;0.000367858;0;1.25008e-26;0;-1.24646e-26
0.000336842;0.00032396;0;1.00006e-26;0;-9.97171e-27
0.000334266;0.00034849;0;8.00052e-27;0;-7.97737e-27
0.000337111;0.00036684;0;6.40041e-27;0;-6.3819e-27
0.000343057;0.000360312;0;5.12033e-27;0;-5.10552e-27
0.000346508;0.000342159;0;4.09627e-27;0;-4.08441e-27
0.000345638;0.000321055;0;3.27701e-27;0;-3.26753e-27
0.000340721;0.000373169;0;2.62161e-27;0;-2.61402e-27
0.000347211;0.000377231;0;2.09729e-27;0;-2.09122e-27
0.000353215;0.000424542;0;1.67783e-27;0;-1.67298e-27
0.00036748;0.000370028;0;1.34226e-27;0;-1.33838e-27
0.00036799;0.000351702;0;1.07381e-27;0;-1.0707e-27
0.000364732;0.000340852;0;8.59049e-28;0;-8.56564e-28
0.000359956;0.000339651;0;6.87239e-28;0;-6.85251e-28
0.000355895;0.000361194;0;5.49791e-28;0;-5.48201e-28
0.000356955;0.000378779;0;4.39833e-28;0;-4.38561e-28
0.00036132;0.000380781;0;3.51866e-28;0;-3.50848e-28
0.000365212;0.000402365;0;2.81493e-28;0;-2.80679e-28
0.000372643;0.000405517;0;2.25195e-28;0;-2.24543e-28
0.000379218;0.000378124;0;1.80156e-28;0;-1.79634e-28
0.000378999;0.000303808;0;1.44125e-28;0;-1.43708e-28
0.000363961;0.000356342;0;1.153e-28;0;-1.14966e-28
0.000362437;0.000400916;0;9.22397e-29;0;-9.19728e-29
0.000370133;0.000378979;0;7.37918e-29;0;-7.35783e-29
0.000371902;0.000384583;0;5.90334e-29;0;-5.88626e-29
0.000374438;0.000348708;0;4.72267e-29;0;-4.70901e-29
0.000369292;0.000375877;0;3.77814e-29;0;-3.76721e-29
0.000370609;0.000369629;0;3.02251e-29;0;-3.01377e-29
0.000370413;0.000373478;0;2.41801e-29;0;-2.41101e-29
0.000371026;0.000367464;0;1.93441e-29;0;-1.92881e-29
0.000370314;0.000429302;0;1.54753e-29;0;-1.54305e-29
0.000382111;0.000373157;0;1.23802e-29;0;-1.23444e-29
0.00038032;0.00040538;0;9.90416e-30;0;-9.87551e-30
0.000385332;0.000374798;0;7.92333e-30;0;-7.90041e-30
0.000383226;0.000401496;0;6.33866e-30;0;-6.32032e-30
0.00038688;0.000426689;0;5.07093e-30;0;-5.05626e-30
0.000394841;0.000374733;0;4.05674e-30;0;-4.04501e-30
0.00039082;0.000409823;0;3.2454e-30;0;-3.23601e-30
0.000394621;0.000365878;0;2.59632e-30;0;-2.5888e-30
0.000388872;0.00044578;0;2.07705e-30;0;-2.07104e-30
0.000400254;0.000417877;0;1.66164e-30;0;-1.65684e-30
0.000403778;0.000426906;0;1.32931e-30;0;-1.32547e-30
0.000408404;0.000386291;0;1.06345e-30;0;-1.06037e-30
0.000403981;0.000395143;0;8.50761e-31;0;-8.483e-31
0.000402214;0.000390295;0;6.80609e-31;0;-6.7864e-31
0.00039983;0.000352082;0;5.44487e-31;0;-5.42912e-31
0.00039028;0.000388209;0;4.3559e-31;0;-4.34329e-31
0.000389866;0.000398087;0;3.48472e-31;0;-3.47464e-31
0.00039151;0.000406323;0;2.78777e-31;0;-2.77971e-31
0.000394473;0.000375776;0;2.23022e-31;0;-2.22377e-31
0.000390733;0.000403914;0;1.78418e-31;0;-1.77901e-31
0.00039337;0.000434204;0;1.42734e-31;0;-1.42321e-31
0.000401536;0.000411565;0;1.14187e-31;0;-1.13857e-31
0.000403542;0.000394665;0;9.13498e-32;0;-9.10855e-32
0.000401767;0.000403506;0;7.30798e-32;0;-7.28684e-32
0.000402115;0.000423826;0;5.84638e-32;0;-5.82947e-32
0.000406457;0.000499656;0;4.67711e-32;0;-4.66358e-32
0.000425097;0.000434305;0;3.74169e-32;0;-3.73086e-32
0.000426938;0.000441919;0;2.99335e-32;0;-2.98469e-32
0.000429934;0.000424542;0;2.39468e-32;0;-2.38775e-32
0.000428856;0.000413759;0;1.91574e-32;0;-1.9102e-32
0.000425837;0.000424864;0;1.53259e-32;0;-1.52816e-32
0.000425642;0.000394747;0;1.22608e-32;0;-1.22253e-32
0.000419463;0.000437374;0;9.80861e-33;0;-9.78023e-33
0.000423045;0.000456397;0;7.84689e-33;0;-7.82418e-33
0.000429715;0.000452218;0;6.27751e-33;0;-6.25935e-33
0.000434216;0.000408152;0;5.02201e-33;0;-5.00748e-33
0.000429003;0.000430166;0;4.01761e-33;0;-4.00598e-33
0.000429236;0.000434723;0;3.21408e-33;0;-3.20479e-33
0.000430333;0.000444025;0;2.57127e-33;0;-2.56383e-33
0.000433071;0.000420338;0;2.05701e-33;0;-2.05106e-33
0.000430525;0.0004475;0;1.64561e-33;0;-1.64085e-33
0.00043392;0.000430443;0;1.31649e-33;0;-1.31268e-33
0.000433224;0.000396361;0;1.05319e-33;0;-1.05014e-33
0.000425852;0.000431038;0;8.42553e-34;0;-8.40115e-34
0.000426889;0.000454724;0;6.74042e-34;0;-6.72092e-34
0.000432456;0.000475734;0;5.39234e-34;0;-5.37674e-34
0.000441112;0.000423552;0;4.31387e-34;0;-4.30139e-34
0.0004376;0.000484668;0;3.4511e-34;0;-3.44111e-34
0.000447013;0.000486382;0;2.76088e-34;0;-2.75289e-34
0.000454887;0.000469934;0;2.2087e-34;0;-2.20231e-34
0.000457897;0.000476225;0;1.76696e-34;0;-1.76185e-34
0.000461562;0.000451218;0;1.41357e-34;0;-1.40948e-34
0.000459493;0.000453487;0;1.13086e-34;0;-1.12758e-34
0.000458292;0.000495114;0;9.04684e-35;0;-9.02067e-35
0.000465657;0.00050883;0;7.23747e-35;0;-7.21653e-35
0.000474291;0.000432124;0;5.78998e-35;0;-5.77323e-35
0.000465858;0.000485033;0;4.63198e-35;0;-4.61858e-35
0.000469693;0.000449858;0;3.70559e-35;0;-3.69487e-35
0.000465726;0.00046421;0;2.96447e-35;0;-2.95589e-35
0.000465423;0.000441719;0;2.37158e-35;0;-2.36471e-35
0.000460682;0.000460265;0;1.89726e-35;0;-1.89177e-35
0.000460599;0.000466511;0;1.51781e-35;0;-1.51342e-35
0.000461781;0.00049466;0;1.21425e-35;0;-1.21073e-35
0.000468357;0.000490654;0;9.71397e-36;0;-9.68587e-36
0.000472816;0.000472353;0;7.77118e-36;0;-7.7487e-36
0.000472724;0.000476176;0;6.21694e-36;0;-6.19896e-36
0.000473414;0.000471408;0;4.97355e-36;0;-4.95917e-36
0.000473013;0.000504903;0;3.97884e-36;0;-3.96733e-36
0.000479391;0.000469969;0;3.18307e-36;0;-3.17387e-36
0.000477507;0.00052565;0;2.54646e-36;0;-2.53909e-36
0.000487135;0.000499683;0;2.03717e-36;0;-2.03127e-36
0.000489645;0.000497803;0;1.62973e-36;0;-1.62502e-36
0.000491276;0.000518987;0;1.30379e-36;0;-1.30002e-36
0.000496818;0.000519379;0;1.04303e-36;0;-1.04001e-36
0.00050133;0.000524003;0;8.34424e-37;0;-8.3201e-37
0.000505865;0.000486636;0;6.67539e-37;0;-6.65608e-37
0.000502019;0.000482249;0;5.34031e-37;0;-5.32486e-37
0.000498065;0.000454781;0;4.27225e-37;0;-4.25989e-37
0.000489408;0.000491905;0;3.4178e-37;0;-3.40791e-37
0.000489908;0.000522485;0;2.73424e-37;0;-2.72633e-37
0.000496423;0.000510375;0;2.18739e-37;0;-2.18106e-37
0.000499214;0.000450147;0;1.74991e-37;0;-1.74485e-37
0.0004894;0.000491098;0;1.39993e-37;0;-1.39588e-37
0.00048974;0.000545889;0;1.11994e-37;0;-1.1167e-37
0.00050097;0.000530965;0;8.95956e-38;0;-8.93364e-38
0.000506969;0.000540022;0;7.16765e-38;0;-7.14691e-38
0.000513579;0.000545667;0;5.73412e-38;0;-5.71753e-38
0.000519997;0.000536456;0;4.58729e-38;0;-4.57402e-38
0.000523289;0.000508048;0;3.66984e-38;0;-3.65922e-38
0.00052024;0.000503489;0;2.93587e-38;0;-2.92737e-38
0.00051689;0.000504755;0;2.34869e-38;0;-2.3419e-38
0.000514463;0.000480003;0;1.87896e-38;0;-1.87352e-38
0.000507571;0.000491306;0;1.50316e-38;0;-1.49882e-38
0.000504318;0.000535718;0;1.20253e-38;0;-1.19905e-38
0.000510598;0.000514654;0;9.62025e-39;0;-9.59242e-39
0.000511409;0.000518016;0;7.6962e-39;0;-7.67394e-39
0.000512731;0.000539023;0;6.15696e-39;0;-6.13915e-39
0.000517989;0.000512039;0;4.92557e-39;0;-4.91132e-39
0.000516799;0.00058016;0;3.94046e-39;0;-3.92906e-39
0.000529471;0.00050604;0;3.15236e-39;0;-3.14324e-39
0.000524785;0.00051933;0;2.52189e-39;0;-2.5146e-39
0.000523694;0.000519701;0;2.01751e-39;0;-2.01168e-39
0.000522895;0.000517694;0;1.61401e-39;0;-1.60934e-39
0.000521855;0.000523854;0;1.29121e-39;0;-1.28747e-39
0.000522255;0.000525944;0;1.03297e-39;0;-1.02998e-39
0.000522993;0.000540288;0;8.26373e-40;0;-8.23983e-40
0.000526452;0.000534571;0;6.61099e-40;0;-6.59186e-40
0.000528075;0.000510743;0;5.28879e-40;0;-5.27349e-40
0.000524609;0.0005452;0;4.23103e-40;0;-4.21879e-40
0.000528727;0.000536815;0;3.38483e-40;0;-3.37503e-40
0.000530345;0.000604108;0;2.70786e-40;0;-2.70003e-40
0.000545097;0.000529536;0;2.16629e-40;0;-2.16002e-40
0.000541985;0.000533227;0;1.73303e-40;0;-1.72802e-40
0.000540234;0.00057778;0;1.38642e-40;0;-1.38241e-40
0.000547743;0.000570298;0;1.10914e-40;0;-1.10593e-40
0.000552254;0.000542347;0;8.87312e-41;0;-8.84745e-41
0.000550273;0.000582001;0;7.09849e-41;0;-7.07796e-41
0.000556618;0.000548898;0;5.6788e-41;0;-5.66237e-41
0.000555074;0.00058544;0;4.54304e-41;0;-4.52989e-41
0.000561147;0.000597713;0;3.63443e-41;0;-3.62391e-41
0.000568461;0.000599245;0;2.90754e-41;0;-2.89913e-41
0.000574618;0.000546463;0;2.32603e-41;0;-2.3193e-41
0.000568987;0.000574607;0;1.86083e-41;0;-1.85544e-41
0.000570111;0.000553834;0;1.48866e-41;0;-1.48436e-41
0.000566855;0.000617911;0;1.19093e-41;0;-1.18748e-41
0.000577066;0.000554048;0;9.52744e-42;0;-9.49987e-42
0.000572463;0.000567672;0;7.62195e-42;0;-7.5999e-42
0.000571505;0.000590328;0;6.09756e-42;0;-6.07992e-42
0.000575269;0.000590853;0;4.87805e-42;0;-4.86393e-42
0.000578386;0.000544781;0;3.90244e-42;0;-3.89115e-42
0.000571665;0.000575341;0;3.12195e-42;0;-3.11292e-42
0.0005724;0.000651978;0;2.49756e-42;0;-2.49033e-42
0.000588316;0.000623369;0;1.99805e-42;0;-1.99227e-42
0.000595326;0.00059566;0;1.59844e-42;0;-1.59381e-42
0.000595393;0.000570401;0;1.27875e-42;0;-1.27505e-42
0.000590395;0.000574795;0;1.023e-42;0;-1.02004e-42
0.000587275;0.000616427;0;8.18401e-43;0;-8.16033e-43
0.000593105;0.000615435;0;6.54721e-43;0;-6.52826e-43
0.000597571;0.000631477;0;5.23776e-43;0;-5.22261e-43
0.000604353;0.000550933;0;4.19021e-43;0;-4.17809e-43
0.000593669;0.000559426;0;3.35217e-43;0;-3.34247e-43
0.00058682;0.000609855;0;2.68174e-43;0;-2.67398e-43
0.000591427;0.000605413;0;2.14539e-43;0;-2.13918e-43
0.000594224;0.000606838;0;1.71631e-43;0;-1.71134e-43
0.000596747;0.000534036;0;1.37305e-43;0;-1.36908e-43
0.000584205;0.000629703;0;1.09844e-43;0;-1.09526e-43
0.000593304;0.000565774;0;8.78751e-44;0;-8.76209e-44
0.000587798;0.000597805;0;7.03001e-44;0;-7.00967e-44
0.0005898;0.000630856;0;5.62401e-44;0;-5.60774e-44
0.000598011;0.000619869;0;4.49921e-44;0;-4.48619e-44
0.000602383;0.00060084;0;3.59936e-44;0;-3.58895e-44
0.000602074;0.000634601;0;2.87949e-44;0;-2.87116e-44
0.00060858;0.000579979;0;2.30359e-44;0;-2.29693e-44
0.000602859;0.00063765;0;1.84287e-44;0;-1.83754e-44
0.000609818;0.000623412;0;1.4743e-44;0;-1.47003e-44
0.000612536;0.000643839;0;1.17944e-44;0;-1.17603e-44
0.000618797;0.000647435;0;9.43552e-45;0;-9.40822e-45
0.000624525;0.000671293;0;7.54841e-45;0;-7.52657e-45
0.000633878;0.000605621;0;6.03873e-45;0;-6.02126e-45
0.000628227;0.000588074;0;4.83098e-45;0;-4.81701e-45
0.000620196;0.000635464;0;3.86479e-45;0;-3.85361e-45
0.00062325;0.00060952;0;3.09183e-45;0;-3.08289e-45
0.000620504;0.000640724;0;2.47346e-45;0;-2.46631e-45
0.000624548;0.000675883;0;1.97877e-45;0;-1.97305e-45
0.000634815;0.000668112;0;1.58302e-45;0;-1.57844e-45
0.000641474;0.000604476;0;1.26641e-45;0;-1.26275e-45
0.000634075;0.000635464;0;1.01313e-45;0;-1.0102e-45
0.000634353;0.000653474;0;8.10505e-46;0;-8.0816e-46
0.000638177;0.000626905;0;6.48404e-46;0;-6.46528e-46
0.000635923;0.00059252;0;5.18723e-46;0;-5.17222e-46
0.000627242;0.000701242;0;4.14978e-46;0;-4.13778e-46
0.000642042;0.000660328;0;3.31983e-46;0;-3.31022e-46
0.000645699;0.00068013;0;2.65586e-46;0;-2.64818e-46
0.000652585;0.00069261;0;2.12469e-46;0;-2.11854e-46
0.00066059;0.000659715;0;1.69975e-46;0;-1.69483e-46
0.000660415;0.000619737;0;1.3598e-46;0;-1.35587e-46
0.00065228;0.000651554;0;1.08784e-46;0;-1.08469e-46
0.000652134;0.000688325;0;8.70273e-47;0;-8.67755e-47
0.000659372;0.000636253;0;6.96218e-47;0;-6.94204e-47
0.000654749;0.000625942;0;5.56975e-47;0;-5.55363e-47
0.000648987;0.000681695;0;4.4558e-47;0;-4.44291e-47
0.000655529;0.000718218;0;3.56464e-47;0;-3.55432e-47
0.000668067;0.000723963;0;2.85171e-47;0;-2.84346e-47
0.000679246;0.000617934;0;2.28137e-47;0;-2.27477e-47
0.000666984;0.000693993;0;1.82509e-47;0;-1.81981e-47
0.000672386;0.000694031;0;1.46008e-47;0;-1.45585e-47
0.000676715;0.000699906;0;1.16806e-47;0;-1.16468e-47
0.000681353;0.000644172;0;9.34448e-48;0;-9.31745e-48
0.000673917;0.000679336;0;7.47559e-48;0;-7.45396e-48
0.000675;0.000724382;0;5.98047e-48;0;-5.96317e-48
0.000684877;0.000690881;0;4.78438e-48;0;-4.77053e-48
0.000686078;0.000680583;0;3.8275e-48;0;-3.81643e-48
0.000684979;0.000668774;0;3.062e-48;0;-3.05314e-48
0.000681738;0.000655892;0;2.4496e-48;0;-2.44251e-48
0.000676569;0.000706127;0;1.95968e-48;0;-1.95401e-48
0.00068248;0.000741122;0;1.56774e-48;0;-1.56321e-48
0.000694209;0.000664393;0;1.2542e-48;0;-1.25057e-48
0.000688246;0.000728873;0;1.00336e-48;0;-1.00045e-48
0.000696371;0.00069545;0;8.02685e-49;0;-8.00363e-49
0.000696187;0.000719575;0;6.42148e-49;0;-6.4029e-49
0.000700865;0.000682549;0;5.13718e-49;0;-5.12232e-49
0.000697201;0.000674936;0;4.10975e-49;0;-4.09786e-49
0.000692748;0.000712048;0;3.2878e-49;0;-3.27829e-49
0.000696608;0.000715921;0;2.63024e-49;0;-2.62263e-49
0.000700471;0.000770455;0;2.10419e-49;0;-2.0981e-49
0.000714468;0.000718739;0;1.68335e-49;0;-1.67848e-49
0.000715322;0.000685763;0;1.34668e-49;0;-1.34279e-49
0.00070941;0.000701437;0;1.07735e-49;0;-1.07423e-49
0.000707816;0.000761633;0;8.61876e-50;0;-8.59383e-50
0.000718579;0.000702257;0;6.89501e-50;0;-6.87506e-50
0.000715315;0.000702151;0;5.51601e-50;0;-5.50005e-50
0.000712682;0.000675271;0;4.41281e-50;0;-4.40004e-50
0.0007052;0.000769745;0;3.53025e-50;0;-3.52003e-50
0.000718109;0.000776579;0;2.8242e-50;0;-2.81603e-50
0.000729803;0.000727061;0;2.25936e-50;0;-2.25282e-50
0.000729255;0.000718505;0;1.80749e-50;0;-1.80226e-50
0.000727105;0.000703011;0;1.44599e-50;0;-1.44181e-50
0.000722286;0.000739602;0;1.15679e-50;0;-1.15344e-50
0.000725749;0.000757724;0;9.25433e-51;0;-9.22755e-51
0.000732144;0.000737808;0;7.40346e-51;0;-7.38204e-51
0.000733277;0.000736162;0;5.92277e-51;0;-5.90563e-51
0.000733854;0.000791209;0;4.73822e-51;0;-4.72451e-51
0.000745325;0.000715157;0;3.79057e-51;0;-3.77961e-51
0.000739291;0.00072892;0;3.03246e-51;0;-3.02368e-51
0.000737217;0.000735684;0;2.42597e-51;0;-2.41895e-51
0.00073691;0.000759633;0;1.94077e-51;0;-1.93516e-51
0.000741455;0.000752794;0;1.55262e-51;0;-1.54813e-51
0.000743723;0.000742036;0;1.24209e-51;0;-1.2385e-51
0.000743385;0.000762582;0;9.93676e-52;0;-9.90801e-52
0.000747225;0.000739399;0;7.94941e-52;0;-7.92641e-52
0.00074566;0.000782811;0;6.35953e-52;0;-6.34113e-52
0.00075309;0.000704243;0;5.08762e-52;0;-5.0729e-52
0.000743321;0.000759281;0;4.0701e-52;0;-4.05832e-52
0.000746513;0.00076252;0;3.25608e-52;0;-3.24666e-52
0.000749714;0.000772183;0;2.60486e-52;0;-2.59733e-52
0.000754208;0.000786848;0;2.08389e-52;0;-2.07786e-52
0.000760736;0.000763611;0;1.66711e-52;0;-1.66229e-52
0.000761311;0.000774069;0;1.33369e-52;0;-1.32983e-52
0.000763863;0.00073983;0;1.06695e-52;0;-1.06386e-52
0.000759056;0.000774597;0;8.53561e-53;0;-8.51092e-53
0.000762164;0.000740526;0;6.82849e-53;0;-6.80873e-53
0.000757837;0.000762;0;5.46279e-53;0;-5.44699e-53
0.000758669;0.000808391;0;4.37023e-53;0;-4.35759e-53
0.000768614;0.000783434;0;3.49619e-53;0;-3.48607e-53
0.000771578;0.000804391;0;2.79695e-53;0;-2.78886e-53
0.00077814;0.0007708;0;2.23756e-53;0;-2.23109e-53
0.000776672;0.000753849;0;1.79005e-53;0;-1.78487e-53
0.000772108;0.000842816;0;1.43204e-53;0;-1.42789e-53
0.000786249;0.000783782;0;1.14563e-53;0;-1.14232e-53
0.000785756;0.000741252;0;9.16504e-54;0;-9.13853e-54
0.000776855;0.00075475;0;7.33203e-54;0;-7.31082e-54
0.000772434;0.000809203;0;5.86563e-54;0;-5.84866e-54
0.000779788;0.000767158;0;4.6925e-54;0;-4.67893e-54
0.000777262;0.000832815;0;3.754e-54;0;-3.74314e-54
0.000788372;0.000816471;0;3.0032e-54;0;-2.99451e-54
0.000793992;0.000787943;0;2.40256e-54;0;-2.39561e-54
0.000792782;0.000784876;0;1.92205e-54;0;-1.91649e-54
0.000791201;0.000812258;0;1.53764e-54;0;-1.53319e-54
0.000795412;0.000806553;0;1.23011e-54;0;-1.22655e-54
0.00079764;0.000844074;0;9.84089e-55;0;-9.81242e-55
0.000806927;0.000797671;0;7.87271e-55;0;-7.84993e-55
0.000805076;0.000777434;0;6.29817e-55;0;-6.27995e-55
0.000799547;0.000789849;0;5.03854e-55;0;-5.02396e-55
0.000797608;0.000833779;0;4.03083e-55;0;-4.01917e-55
0.000804842;0.000799767;0;3.22466e-55;0;-3.21533e-55
0.000803827;0.000854599;0;2.57973e-55;0;-2.57227e-55
0.000813981;0.000868734;0;2.06378e-55;0;-2.05781e-55
0.000824932;0.000816808;0;1.65103e-55;0;-1.64625e-55
0.000823307;0.000799131;0;1.32082e-55;0;-1.317e-55
0.000818472;0.000802674;0;1.05666e-55;0;-1.0536e-55
0.000815312;0.000865234;0;8.45326e-56;0;-8.4288e-56
0.000825297;0.000860649;0;6.76261e-56;0;-6.74304e-56
0.000832367;0.000833464;0;5.41009e-56;0;-5.39443e-56
0.000832586;0.000867907;0;4.32807e-56;0;-4.31555e-56
0.00083965;0.000864683;0;3.46246e-56;0;-3.45244e-56
0.000844657;0.000835904;0;2.76996e-56;0;-2.76195e-56
0.000842906;0.000895602;0;2.21597e-56;0;-2.20956e-56
0.000853445;0.000876695;0;1.77278e-56;0;-1.76765e-56
0.000858095;0.000804954;0;1.41822e-56;0;-1.41412e-56
0.000847467;0.000844944;0;1.13458e-56;0;-1.13129e-56
0.000846962;0.000852431;0;9.07662e-57;0;-9.05036e-57
0.000848056;0.00084215;0;7.26129e-57;0;-7.24029e-57
0.000846875;0.000829688;0;5.80904e-57;0;-5.79223e-57
0.000843438;0.000861564;0;4.64723e-57;0;-4.63378e-57
0.000847063;0.000865795;0;3.71778e-57;0;-3.70703e-57
0.000850809;0.000844119;0;2.97423e-57;0;-2.96562e-57
0.000849471;0.000838039;0;2.37938e-57;0;-2.3725e-57
0.000847185;0.000882452;0;1.9035e-57;0;-1.898e-57
0.000854238;0.000845186;0;1.5228e-57;0;-1.5184e-57
0.000852428;0.000900171;0;1.21824e-57;0;-1.21472e-57
0.000861977;0.00086248;0;9.74594e-58;0;-9.71775e-58
0.000862077;0.000887929;0;7.79676e-58;0;-7.7742e-58
0.000867248;0.000864702;0;6.2374e-58;0;-6.21936e-58
0.000866739;0.000853976;0;4.98992e-58;0;-4.97549e-58
0.000864186;0.000835929;0;3.99194e-58;0;-3.98039e-58
0.000858535;0.00088743;0;3.19355e-58;0;-3.18431e-58
0.000864314;0.000879273;0;2.55484e-58;0;-2.54745e-58
0.000867306;0.000880962;0;2.04387e-58;0;-2.03796e-58
0.000870037;0.000918146;0;1.6351e-58;0;-1.63037e-58
0.000879659;0.00085875;0;1.30808e-58;0;-1.30429e-58
0.000875477;0.000917295;0;1.04646e-58;0;-1.04344e-58
0.000883841;0.000888652;0;8.3717e-59;0;-8.34748e-59
0.000884803;0.000857939;0;6.69736e-59;0;-6.67799e-59
0.00087943;0.000894752;0;5.35789e-59;0;-5.34239e-59
0.000882494;0.000949887;0;4.28631e-59;0;-4.27391e-59
0.000895973;0.000934404;0;3.42905e-59;0;-3.41913e-59
0.000903659;0.000972242;0;2.74324e-59;0;-2.7353e-59
0.000917376;0.00105914;0;2.19459e-59;0;-2.18824e-59
0.000945728;0.00116018;0;1.75567e-59;0;-1.75059e-59
0.000988618;0.00125321;0;1.40454e-59;0;-1.40048e-59
0.00104154;0.00133381;0;1.12363e-59;0;-1.12038e-59
0.00109999;0.00139773;0;8.98905e-60;0;-8.96304e-60
0.00115954;0.00139674;0;7.19124e-60;0;-7.17043e-60
0.00120698;0.00152006;0;5.75299e-60;0;-5.73635e-60
0.0012696;0.001499;0;4.60239e-60;0;-4.58908e-60
0.00131548;0.00149296;0;3.68191e-60;0;-3.67126e-60
0.00135097;0.00152257;0;2.94553e-60;0;-2.93701e-60
0.00138529;0.00152977;0;2.35642e-60;0;-2.34961e-60
0.00141419;0.00152693;0;1.88514e-60;0;-1.87969e-60
0.00143674;0.00151766;0;1.50811e-60;0;-1.50375e-60
0.00145292;0.00154762;0;1.20649e-60;0;-1.203e-60
0.00147186;0.0014982;0;9.65192e-61;0;-9.62399e-61
0.00147713;0.00147104;0;7.72153e-61;0;-7.69919e-61
0.00147591;0.00147527;0;6.17723e-61;0;-6.15935e-61
0.00147578;0.00147078;0;4.94178e-61;0;-4.92748e-61
0.00147478;0.00147253;0;3.95342e-61;0;-3.94199e-61
0.00147433;0.0014719;0;3.16274e-61;0;-3.15359e-61
0.00147385;0.00149104;0;2.53019e-61;0;-2.52287e-61
0.00147728;0.00144677;0;2.02415e-61;0;-2.0183e-61
0.00147118;0.0014477;0;1.61932e-61;0;-1.61464e-61
0.00146648;0.0014389;0;1.29546e-61;0;-1.29171e-61
0.00146097;0.00146494;0;1.03637e-61;0;-1.03337e-61
0.00146176;0.00149795;0;8.29093e-62;0;-8.26695e-62
0.001469;0.0014086;0;6.63275e-62;0;-6.61356e-62
0.00145692;0.0014304;0;5.3062e-62;0;-5.29085e-62
0.00145162;0.00140419;0;4.24496e-62;0;-4.23268e-62
0.00144213;0.00145428;0;3.39597e-62;0;-3.38614e-62
0.00144456;0.00145533;0;2.71677e-62;0;-2.70891e-62
0.00144671;0.00141355;0;2.17342e-62;0;-2.16713e-62
0.00144008;0.00143926;0;1.73873e-62;0;-1.7337e-62
0.00143992;0.00145839;0;1.39099e-62;0;-1.38696e-62
0.00144361;0.00146253;0;1.11279e-62;0;-1.10957e-62
0.0014474;0.00145147;0;8.90232e-63;0;-8.87657e-63
0.00144821;0.00145645;0;7.12186e-63;0;-7.10125e-63
0.00144986;0.0013947;0;5.69749e-63;0;-5.681e-63
0.00143883;0.00141875;0;4.55799e-63;0;-4.5448e-63
0.00143481;0.00142843;0;3.64639e-63;0;-3.63584e-63
0.00143354;0.00139998;0;2.91711e-63;0;-2.90867e-63
0.00142682;0.00139404;0;2.33369e-63;0;-2.32694e-63
0.00142027;0.0014609;0;1.86695e-63;0;-1.86155e-63
0.00142839;0.00145053;0;1.49356e-63;0;-1.48924e-63
0.00143282;0.0014416;0;1.19485e-63;0;-1.19139e-63
0.00143458;0.00144888;0;9.55879e-64;0;-9.53114e-64
0.00143744;0.00148126;0;7.64704e-64;0;-7.62491e-64
0.0014462;0.00144569;0;6.11763e-64;0;-6.09993e-64
0.0014461;0.00146076;0;4.8941e-64;0;-4.87994e-64
0.00144903;0.00143197;0;3.91528e-64;0;-3.90395e-64
0.00144562;0.00143501;0;3.13223e-64;0;-3.12316e-64
0.0014435;0.00149059;0;2.50578e-64;0;-2.49853e-64
0.00145292;0.00144389;0;2.00462e-64;0;-1.99882e-64
0.00145111;0.00145285;0;1.6037e-64;0;-1.59906e-64
0.00145146;0.00145985;0;1.28296e-64;0;-1.27925e-64
0.00145314;0.00146066;0;1.02637e-64;0;-1.0234e-64
0.00145464;0.00146389;0;8.21094e-65;0;-8.18719e-65
0.00145649;0.00140555;0;6.56875e-65;0;-6.54975e-65
0.0014463;0.00143237;0;5.255e-65;0;-5.2398e-65
0.00144352;0.00141456;0;4.204e-65;0;-4.19184e-65
0.00143773;0.00139354;0;3.3632e-65;0;-3.35347e-65
0.00142889;0.00144375;0;2.69056e-65;0;-2.68278e-65
0.00143186;0.00144943;0;2.15245e-65;0;-2.14622e-65
0.00143537;0.00143795;0;1.72196e-65;0;-1.71698e-65
0.00143589;0.0014289;0;1.37757e-65;0;-1.37358e-65
0.00143449;0.00149311;0;1.10205e-65;0;-1.09887e-65
0.00144621;0.0014311;0;8.81643e-66;0;-8.79092e-66
0.00144319;0.00144278;0;7.05315e-66;0;-7.03274e-66
0.00144311;0.00148208;0;5.64252e-66;0;-5.62619e-66
0.0014509;0.00147325;0;4.51401e-66;0;-4.50095e-66
0.00145537;0.00142207;0;3.61121e-66;0;-3.60076e-66
0.00144871;0.00145186;0;2.88897e-66;0;-2.88061e-66
0.00144934;0.00143474;0;2.31117e-66;0;-2.30449e-66
0.00144642;0.00145016;0;1.84894e-66;0;-1.84359e-66
0.00144717;0.00149407;0;1.47915e-66;0;-1.47487e-66
0.00145655;0.00141788;0;1.18332e-66;0;-1.1799e-66
0.00144882;0.0014802;0;9.46657e-67;0;-9.43918e-67
0.00145509;0.00143863;0;7.57326e-67;0;-7.55135e-67
0.0014518;0.00136917;0;6.05861e-67;0;-6.04108e-67
0.00143527;0.0014185;0;4.84688e-67;0;-4.83286e-67
0.00143192;0.00145376;0;3.87751e-67;0;-3.86629e-67
0.00143629;0.00144101;0;3.10201e-67;0;-3.09303e-67
0.00143723;0.00143191;0;2.48161e-67;0;-2.47443e-67
0.00143617;0.00142294;0;1.98528e-67;0;-1.97954e-67
0.00143352;0.00145258;0;1.58823e-67;0;-1.58363e-67
0.00143733;0.00147335;0;1.27058e-67;0;-1.26691e-67
0.00144454;0.00146488;0;1.01647e-67;0;-1.01352e-67
0.0014486;0.0014262;0;8.13172e-68;0;-8.1082e-68
0.00144412;0.00141521;0;6.50538e-68;0;-6.48656e-68
0.00143834;0.00144487;0;5.2043e-68;0;-5.18925e-68
0.00143965;0.00140378;0;4.16344e-68;0;-4.1514e-68
0.00143247;0.00145045;0;3.33075e-68;0;-3.32112e-68
0.00143607;0.00146786;0;2.6646e-68;0;-2.65689e-68
0.00144243;0.00144032;0;2.13168e-68;0;-2.12552e-68
0.00144201;0.00142632;0;1.70535e-68;0;-1.70041e-68
0.00143887;0.00145422;0;1.36428e-68;0;-1.36033e-68
0.00144194;0.0014077;0;1.09142e-68;0;-1.08826e-68
0.00143509;0.00145001;0;8.73137e-69;0;-8.70611e-69
0.00143807;0.00147013;0;6.9851e-69;0;-6.96489e-69
0.00144448;0.00146009;0;5.58808e-69;0;-5.57191e-69
0.00144761;0.00142585;0;4.47046e-69;0;-4.45753e-69
0.00144326;0.00144987;0;3.57637e-69;0;-3.56602e-69
0.00144458;0.00146388;0;2.8611e-69;0;-2.85282e-69
0.00144844;0.00145297;0;2.28888e-69;0;-2.28225e-69
0.00144935;0.00146044;0;1.8311e-69;0;-1.8258e-69
0.00145157;0.00149608;0;1.46488e-69;0;-1.46064e-69
0.00146047;0.00146736;0;1.1719e-69;0;-1.16851e-69
0.00146185;0.00141605;0;9.37524e-70;0;-9.34811e-70
0.00145269;0.00143009;0;7.50019e-70;0;-7.47849e-70
0.00144817;0.00145849;0;6.00015e-70;0;-5.98279e-70
0.00145023;0.00139992;0;4.80012e-70;0;-4.78623e-70
0.00144017;0.00142764;0;3.8401e-70;0;-3.82899e-70
0.00143766;0.00146672;0;3.07208e-70;0;-3.06319e-70
0.00144348;0.00145725;0;2.45766e-70;0;-2.45055e-70
0.00144623;0.00144344;0;1.96613e-70;0;-1.96044e-70
0.00144567;0.00145173;0;1.5729e-70;0;-1.56835e-70
0.00144689;0.00143082;0;1.25832e-70;0;-1.25468e-70
0.00144367;0.00144552;0;1.00666e-70;0;-1.00375e-70
0.00144404;0.00142544;0;8.05327e-71;0;-8.02997e-71
0.00144032;0.00144622;0;6.44262e-71;0;-6.42398e-71
0.0014415;0.0014137;0;5.15409e-71;0;-5.13918e-71
0.00143594;0.00144161;0;4.12327e-71;0;-4.11134e-71
0.00143708;0.001427;0;3.29862e-71;0;-3.28908e-71
0.00143506;0.00144763;0;2.6389e-71;0;-2.63126e-71
0.00143757;0.00147485;0;2.11112e-71;0;-2.10501e-71
0.00144503;0.00142439;0;1.68889e-71;0;-1.68401e-71
0.0014409;0.00149845;0;1.35111e-71;0;-1.34721e-71
0.00145241;0.00143092;0;1.08089e-71;0;-1.07776e-71
0.00144811;0.001439;0;8.64713e-72;0;-8.62211e-72
0.00144629;0.00148048;0;6.91771e-72;0;-6.89769e-72
0.00145313;0.00145321;0;5.53416e-72;0;-5.51815e-72
0.00145315;0.0014255;0;4.42733e-72;0;-4.41452e-72
0.00144762;0.00143155;0;3.54187e-72;0;-3.53162e-72
0.0014444;0.00144136;0;2.83349e-72;0;-2.82529e-72
0.00144379;0.00141212;0;2.26679e-72;0;-2.26024e-72
0.00143746;0.00139923;0;1.81343e-72;0;-1.80819e-72
0.00142981;0.00141809;0;1.45075e-72;0;-1.44655e-72
0.00142747;0.00143236;0;1.1606e-72;0;-1.15724e-72
0.00142845;0.00142273;0;9.28479e-73;0;-9.25792e-73
0.0014273;0.00144139;0;7.42783e-73;0;-7.40634e-73
0.00143012;0.0014264;0;5.94226e-73;0;-5.92507e-73
0.00142938;0.00145389;0;4.75381e-73;0;-4.74006e-73
0.00143428;0.00141688;0;3.80305e-73;0;-3.79205e-73
0.0014308;0.00145662;0;3.04244e-73;0;-3.03364e-73
0.00143596;0.00143665;0;2.43395e-73;0;-2.42691e-73
0.0014361;0.00144797;0;1.94716e-73;0;-1.94153e-73
0.00143847;0.00146009;0;1.55773e-73;0;-1.55322e-73
0.0014428;0.00143515;0;1.24618e-73;0;-1.24258e-73
0.00144127;0.00144353;0;9.96946e-74;0;-9.94062e-74
0.00144172;0.00146473;0;7.97557e-74;0;-7.9525e-74
0.00144632;0.00139907;0;6.38046e-74;0;-6.362e-74
0.00143687;0.00147963;0;5.10437e-74;0;-5.0896e-74
0.00144542;0.00148748;0;4.08349e-74;0;-4.07168e-74
0.00145383;0.00143882;0;3.26679e-74;0;-3.25734e-74
0.00145083;0.00144462;0;2.61344e-74;0;-2.60587e-74
0.00144959;0.00143149;0;2.09075e-74;0;-2.0847e-74
0.00144597;0.00144781;0;1.6726e-74;0;-1.66776e-74
0.00144634;0.00143118;0;1.33808e-74;0;-1.33421e-74
0.00144331;0.00146959;0;1.07046e-74;0;-1.06737e-74
0.00144856;0.00140349;0;8.5637e-75;0;-8.53893e-75
0.00143955;0.00142423;0;6.85096e-75;0;-6.83114e-75
0.00143648;0.00145522;0;5.48077e-75;0;-5.46491e-75
0.00144023;0.00142085;0;4.38462e-75;0;-4.37193e-75
0.00143636;0.00144129;0;3.50769e-75;0;-3.49754e-75
0.00143734;0.00145656;0;2.80615e-75;0;-2.79804e-75
0.00144119;0.00145678;0;2.24492e-75;0;-2.23843e-75
0.0014443;0.00142624;0;1.79594e-75;0;-1.79074e-75
0.00144069;0.00144407;0;1.43675e-75;0;-1.43259e-75
0.00144137;0.0014464;0;1.1494e-75;0;-1.14608e-75
0.00144237;0.00145876;0;9.19521e-76;0;-9.1686e-76
0.00144565;0.00140364;0;7.35617e-76;0;-7.33488e-76
0.00143725;0.00141114;0;5.88493e-76;0;-5.86791e-76
0.00143203;0.00147601;0;4.70795e-76;0;-4.69433e-76
0.00144082;0.00143915;0;3.76636e-76;0;-3.75546e-76
0.00144049;0.00143579;0;3.01309e-76;0;-3.00437e-76
0.00143955;0.0014786;0;2.41047e-76;0;-2.40349e-76
0.00144736;0.00143707;0;1.92837e-76;0;-1.9228e-76
0.0014453;0.00142493;0;1.5427e-76;0;-1.53824e-76
0.00144123;0.00144889;0;1.23416e-76;0;-1.23059e-76
0.00144276;0.00145643;0;9.87328e-77;0;-9.84471e-77
0.0014455;0.00151011;0;7.89862e-77;0;-7.87577e-77
0.00145842;0.00142894;0;6.3189e-77;0;-6.30062e-77
0.00145252;0.00140918;0;5.05512e-77;0;-5.04049e-77
0.00144385;0.0013973;0;4.0441e-77;0;-4.03239e-77
0.00143454;0.00145903;0;3.23528e-77;0;-3.22592e-77
0.00143944;0.00143124;0;2.58822e-77;0;-2.58073e-77
0.0014378;0.00143422;0;2.07058e-77;0;-2.06459e-77
0.00143708;0.00147006;0;1.65646e-77;0;-1.65167e-77
0.00144368;0.00141941;0;1.32517e-77;0;-1.32134e-77
0.00143882;0.00145354;0;1.06014e-77;0;-1.05707e-77
0.00144177;0.00145633;0;8.48108e-78;0;-8.45654e-78
0.00144468;0.00144081;0;6.78487e-78;0;-6.76524e-78
0.00144391;0.00141107;0;5.42789e-78;0;-5.41219e-78
0.00143734;0.00142584;0;4.34231e-78;0;-4.32975e-78
0.00143504;0.00145266;0;3.47385e-78;0;-3.4638e-78
0.00143856;0.0014634;0;2.77908e-78;0;-2.77104e-78
0.00144353;0.0014688;0;2.22326e-78;0;-2.21683e-78
0.00144859;0.00141411;0;1.77861e-78;0;-1.77347e-78
0.00144169;0.00146566;0;1.42289e-78;0;-1.41877e-78
0.00144649;0.00143622;0;1.13831e-78;0;-1.13502e-78
0.00144443;0.00144472;0;9.10649e-79;0;-9.08015e-79
0.00144449;0.00143117;0;7.28519e-79;0;-7.26412e-79
0.00144183;0.00145343;0;5.82816e-79;0;-5.81129e-79
0.00144415;0.00145793;0;4.66252e-79;0;-4.64903e-79
0.0014469;0.00142938;0;3.73002e-79;0;-3.71923e-79
0.0014434;0.00144632;0;2.98402e-79;0;-2.97538e-79
0.00144399;0.00139166;0;2.38721e-79;0;-2.38031e-79
0.00143352;0.00145812;0;1.90977e-79;0;-1.90424e-79
0.00143844;0.00141789;0;1.52782e-79;0;-1.5234e-79
0.00143433;0.00146347;0;1.22225e-79;0;-1.21872e-79
0.00144016;0.00145281;0;9.77802e-80;0;-9.74973e-80
0.00144269;0.00139803;0;7.82242e-80;0;-7.79979e-80
0.00143376;0.00143494;0;6.25793e-80;0;-6.23983e-80
0.00143399;0.00144238;0;5.00635e-80;0;-4.99186e-80
0.00143567;0.00141136;0;4.00508e-80;0;-3.99349e-80
0.00143081;0.00149369;0;3.20406e-80;0;-3.19479e-80
0.00144339;0.00148329;0;2.56325e-80;0;-2.55583e-80
0.00145137;0.00143983;0;2.0506e-80;0;-2.04467e-80
0.00144906;0.00139631;0;1.64048e-80;0;-1.63573e-80
0.00143851;0.00144549;0;1.31238e-80;0;-1.30859e-80
0.0014399;0.00144795;0;1.04991e-80;0;-1.04687e-80
0.00144151;0.00146391;0;8.39926e-81;0;-8.37496e-81
0.00144599;0.00143395;0;6.71941e-81;0;-6.69997e-81
0.00144358;0.00144544;0;5.37552e-81;0;-5.35997e-81
0.00144395;0.00145511;0;4.30042e-81;0;-4.28798e-81
0.00144619;0.00145691;0;3.44034e-81;0;-3.43038e-81
0.00144833;0.00138718;0;2.75227e-81;0;-2.74431e-81
0.0014361;0.00143016;0;2.20181e-81;0;-2.19544e-81
0.00143491;0.00150256;0;1.76145e-81;0;-1.75636e-81
0.00144844;0.0014663;0;1.40916e-81;0;-1.40508e-81
0.00145201;0.00145843;0;1.12733e-81;0;-1.12407e-81
0.0014533;0.00144455;0;9.01863e-82;0;-8.99254e-82
0.00145155;0.00144278;0;7.21491e-82;0;-7.19403e-82
0.00144979;0.00146243;0;5.77193e-82;0;-5.75523e-82
0.00145232;0.00140779;0;4.61754e-82;0;-4.60418e-82
0.00144341;0.00140774;0;3.69403e-82;0;-3.68334e-82
0.00143628;0.00142054;0;2.95523e-82;0;-2.94668e-82
0.00143313;0.00144448;0;2.36418e-82;0;-2.35734e-82
0.0014354;0.00144079;0;1.89134e-82;0;-1.88587e-82
0.00143648;0.00140235;0;1.51308e-82;0;-1.5087e-82
0.00142966;0.00147547;0;1.21046e-82;0;-1.20696e-82
0.00143882;0.00140668;0;9.68368e-83;0;-9.65567e-83
0.00143239;0.00143702;0;7.74695e-83;0;-7.72453e-83
0.00143331;0.00147168;0;6.19756e-83;0;-6.17963e-83
0.00144099;0.00147281;0;4.95805e-83;0;-4.9437e-83
0.00144735;0.00147278;0;3.96644e-83;0;-3.95496e-83
0.00145244;0.00141027;0;3.17315e-83;0;-3.16397e-83
0.001444;0.00149306;0;2.53852e-83;0;-2.53118e-83
0.00145382;0.00143598;0;2.03082e-83;0;-2.02494e-83
0.00145025;0.00146262;0;1.62465e-83;0;-1.61995e-83
0.00145272;0.00142502;0;1.29972e-83;0;-1.29596e-83
0.00144718;0.00143362;0;1.03978e-83;0;-1.03677e-83
0.00144447;0.00142827;0;8.31822e-84;0;-8.29416e-84
0.00144123;0.00141876;0;6.65458e-84;0;-6.63532e-84
0.00143674;0.00145607;0;5.32366e-84;0;-5.30826e-84
0.0014406;0.00145326;0;4.25893e-84;0;-4.24661e-84
0.00144314;0.0014474;0;3.40714e-84;0;-3.39729e-84
0.00144399;0.00141817;0;2.72571e-84;0;-2.71783e-84
0.00143882;0.00143608;0;2.18057e-84;0;-2.17426e-84
0.00143828;0.00146125;0;1.74446e-84;0;-1.73941e-84
0.00144287;0.00143193;0;1.39557e-84;0;-1.39153e-84
0.00144068;0.00144144;0;1.11645e-84;0;-1.11322e-84
0.00144083;0.00140842;0;8.93162e-85;0;-8.90578e-85
0.00143435;0.0014372;0;7.1453e-85;0;-7.12462e-85
0.00143492;0.00143793;0;5.71624e-85;0;-5.6997e-85
0.00143552;0.00146749;0;4.57299e-85;0;-4.55976e-85
0.00144192;0.00145626;0;3.65839e-85;0;-3.64781e-85
0.00144478;0.00144565;0;2.92671e-85;0;-2.91825e-85
0.00144496;0.00144875;0;2.34137e-85;0;-2.3346e-85
0.00144572;0.00144596;0;1.8731e-85;0;-1.86768e-85
0.00144577;0.00146803;0;1.49848e-85;0;-1.49414e-85
0.00145022;0.00137105;0;1.19878e-85;0;-1.19531e-85
0.00143438;0.00141749;0;9.59026e-86;0;-9.56251e-86
0.00143101;0.00146625;0;7.6722e-86;0;-7.65001e-86
0.00143805;0.00145103;0;6.13776e-86;0;-6.12001e-86
0.00144065;0.00148827;0;4.91021e-86;0;-4.896e-86
0.00145017;0.00147112;0;3.92817e-86;0;-3.9168e-86
0.00145436;0.00145177;0;3.14254e-86;0;-3.13344e-86
0.00145384;0.00142237;0;2.51403e-86;0;-2.50675e-86
0.00144755;0.00149123;0;2.01122e-86;0;-2.0054e-86
0.00145629;0.0014605;0;1.60898e-86;0;-1.60432e-86
0.00145713;0.00141321;0;1.28718e-86;0;-1.28346e-86
0.00144834;0.00140131;0;1.02975e-86;0;-1.02677e-86
0.00143894;0.0014358;0;8.23797e-87;0;-8.21413e-87
0.00143831;0.00148216;0;6.59037e-87;0;-6.57131e-87
0.00144708;0.00143907;0;5.2723e-87;0;-5.25705e-87
0.00144548;0.00143955;0;4.21784e-87;0;-4.20564e-87
0.00144429;0.00143774;0;3.37427e-87;0;-3.36451e-87
0.00144298;0.00150907;0;2.69942e-87;0;-2.69161e-87
0.0014562;0.00144847;0;2.15953e-87;0;-2.15329e-87
0.00145465;0.00143172;0;1.72763e-87;0;-1.72263e-87
0.00145007;0.00142499;0;1.3821e-87;0;-1.3781e-87
0.00144505;0.00147021;0;1.10568e-87;0;-1.10248e-87
0.00145008;0.00141997;0;8.84545e-88;0;-8.81986e-88
0.00144406;0.0013927;0;7.07636e-88;0;-7.05589e-88
0.00143379;0.00147263;0;5.66109e-88;0;-5.64471e-88
0.00144156;0.00143585;0;4.52887e-88;0;-4.51577e-88
0.00144041;0.00141359;0;3.6231e-88;0;-3.61261e-88
0.00143505;0.00145425;0;2.89848e-88;0;-2.89009e-88
0.00143889;0.00147545;0;2.31878e-88;0;-2.31207e-88
0.0014462;0.00143465;0;1.85503e-88;0;-1.84966e-88
0.00144389;0.00139345;0;1.48402e-88;0;-1.47973e-88
0.0014338;0.00146149;0;1.18722e-88;0;-1.18378e-88
0.00143934;0.0014175;0;9.49773e-89;0;-9.47025e-89
0.00143497;0.00144384;0;7.59818e-89;0;-7.5762e-89
0.00143675;0.00143391;0;6.07855e-89;0;-6.06096e-89
0.00143618;0.00149395;0;4.86284e-89;0;-4.84877e-89
0.00144773;0.00143316;0;3.89027e-89;0;-3.87901e-89
0.00144482;0.00146898;0;3.11222e-89;0;-3.10321e-89
0.00144965;0.00147144;0;2.48977e-89;0;-2.48257e-89
0.00145401;0.00142995;0;1.99182e-89;0;-1.98606e-89
0.0014492;0.00143104;0;1.59345e-89;0;-1.58884e-89
0.00144557;0.00145353;0;1.27476e-89;0;-1.27108e-89
0.00144716;0.0015241;0;1.01981e-89;0;-1.01686e-89
