Realized inflation;Immediate inflation;Loan interest rate;Average loan interest rate;Deposit interest rate;Average deposit IR
0;-0.000485873;0;0;0;0
-9.71745e-05;-0.00357533;0;0;0;0
-0.000792805;-0.00360633;0;0;0;0
-0.00135551;-0.00259869;0;0;0;0
-0.00160415;-0.0013105;0;0;0;0
-0.00154542;-0.000112942;0;0;0;0
-0.00125892;0.000716151;0;0;0;0
-0.000863907;0.00121703;0;0;0;0
-0.000447719;0.00137373;0;0;0;0
-8.34284e-05;0.00140354;0;0;0;0
0.000213965;0.00126565;0;0;0;0
0.000424303;0.00115393;0;0;0;0
0.000570229;0.00100018;0;0;0;0
0.000656219;0.000781784;0;0;0;0
0.000681332;0.00053738;0;0;0;0
0.000652542;0.000354183;0;0;0;0
0.00059287;5.78359e-05;0;0;0;0
0.000485863;-0.000147308;0;0;0;0
0.000359229;-0.00206147;0;0;0;0
-0.000124911;-0.000759895;0;0;0;0
-0.000251908;-0.000525347;0;0;0;0
-0.000306596;-0.000402646;0;0;0;0
-0.000325806;-0.000394308;0;0;0;0
-0.000339506;-0.000681946;0;0;0;0
-0.000407994;-0.000789545;0;0;0;0
-0.000484304;-0.000658299;0;0;0;0
-0.000519103;-0.00046478;0;0;0;0
-0.000508238;-0.000296109;0;0;0;0
-0.000465813;-0.000271392;0;0;0;0
-0.000426929;-0.000269774;0;0;0;0
-0.000395498;-0.000515073;0;0;0;0
-0.000419413;-0.00079722;0;0;0;0
-0.000494974;-0.000750032;0;0;0;0
-0.000545986;-0.000485018;0;0;0;0
-0.000533792;-0.000210653;0;0;0;0
-0.000469164;1.15515e-05;0;0;0;0
-0.000373021;0.000126254;0;0;0;0
-0.000273166;0.000101496;0;0;0;0
-0.000198234;1.10007e-05;0;0;0;0
-0.000156387;-0.000112791;0;0;0;0
-0.000147668;-0.000608609;0;0;0;0
-0.000239856;-0.00160137;0;0;0;0
-0.000512159;-0.000758994;0;0;0;0
-0.000561526;-0.000220404;0;0;0;0
-0.000493302;8.79382e-05;0;0;0;0
-0.000377054;0.00017202;0;0;0;0
-0.000267239;0.00090346;0;0;0;0
-3.30992e-05;0.00117458;0;0;0;0
0.000208437;0.000636968;0;0;0;0
0.000294143;0.00051407;0;0;0;0
0.000338128;0.00038329;0;0;0;0
0.000347161;0.000244739;0;0;0;0
0.000326677;4.93142e-05;0;0;0;0
0.000271204;-0.000109381;0;0;0;0
0.000195087;-0.00135219;0;0;0;0
-0.000114369;-0.00105367;0;0;0;0
-0.000302228;-0.000590552;0;0;0;0
-0.000359893;-0.000355669;0;0;0;0
-0.000359048;-0.000209193;0;0;0;0
-0.000329077;2.30139e-05;0;0;0;0
-0.000258659;0.000103482;0;0;0;0
-0.000186231;7.17518e-05;0;0;0;0
-0.000134634;-7.45402e-05;0;0;0;0
-0.000122615;-0.000752451;0;0;0;0
-0.000248583;-0.00139623;0;0;0;0
-0.000478112;-0.000763645;0;0;0;0
-0.000535219;-0.000367862;0;0;0;0
-0.000501747;-2.28734e-05;0;0;0;0
-0.000405973;0.00023082;0;0;0;0
-0.000278614;0.000285643;0;0;0;0
-0.000165763;0.00111272;0;0;0;0
8.9933e-05;0.000739881;0;0;0;0
0.000219923;0.000538416;0;0;0;0
0.000283621;0.000338357;0;0;0;0
0.000294568;0.00025274;0;0;0;0
0.000286203;4.97433e-05;0;0;0;0
0.000238911;-0.000148948;0;0;0;0
0.000161339;-0.000318909;0;0;0;0
6.52894e-05;-0.00114303;0;0;0;0
-0.000176375;-0.00102216;0;0;0;0
-0.000345532;-0.000647399;0;0;0;0
-0.000405905;-0.000416726;0;0;0;0
-0.00040807;-0.000231407;0;0;0;0
-0.000372737;-1.20527e-05;0;0;0;0
-0.0003006;0.000170419;0;0;0;0
-0.000206396;0.000221669;0;0;0;0
-0.000120783;0.000142;0;0;0;0
-6.82266e-05;-6.60052e-05;0;0;0;0
-6.77823e-05;-0.000210357;0;0;0;0
-9.62972e-05;-0.00125334;0;0;0;0
-0.000327705;-0.00115544;0;0;0;0
-0.000493252;-0.000556863;0;0;0;0
-0.000505974;-0.000277547;0;0;0;0
-0.000460289;2.41822e-05;0;0;0;0
-0.000363395;0.000314412;0;0;0;0
-0.000227833;0.000317565;0;0;0;0
-0.000118754;0.000838925;0;0;0;0
7.27821e-05;0.000664538;0;0;0;0
0.000191133;0.000476073;0;0;0;0
0.000248121;0.000344165;0;0;0;0
0.00026733;0.000154472;0;0;0;0
0.000244758;5.4913e-05;0;0;0;0
0.000206789;-0.000220742;0;0;0;0
0.000121283;-0.000458874;0;0;0;0
5.2516e-06;-0.00104626;0;0;0;0
-0.00020505;-0.000924258;0;0;0;0
-0.000348892;-0.000664466;0;0;0;0
-0.000412007;-0.000413449;0;0;0;0
-0.000412295;-0.000185697;0;0;0;0
-0.000366976;7.01823e-05;0;0;0;0
-0.000279544;0.000316851;0;0;0;0
-0.000160265;0.000405323;0;0;0;0
-4.71474e-05;0.000712726;0;0;0;0
0.000104827;0.000496817;0;0;0;0
0.000183225;0.000336817;0;0;0;0
0.000213943;0.000217672;0;0;0;0
0.000214689;1.38021e-05;0;0;0;0
0.000174512;-0.000221614;0;0;0;0
9.52865e-05;-0.000437134;0;0;0;0
-1.11977e-05;-0.00100624;0;0;0;0
-0.000210207;-0.000974557;0;0;0;0
-0.000363077;-0.000639174;0;0;0;0
-0.000418296;-0.000428119;0;0;0;0
-0.000420261;-0.000249594;0;0;0;0
-0.000386127;-9.78465e-06;0;0;0;0
-0.000310859;0.00034353;0;0;0;0
-0.000179981;0.000476311;0;0;0;0
-4.87228e-05;0.000635082;0;0;0;0
8.80382e-05;0.000477598;0;0;0;0
0.00016595;0.000357977;0;0;0;0
0.000204356;0.000212584;0;0;0;0
0.000206001;7.39446e-05;0;0;0;0
0.00017959;-9.54962e-05;0;0;0;0
0.000124573;-0.000277509;0;0;0;0
4.41564e-05;-0.0010393;0;0;0;0
-0.000172534;-0.000944629;0;0;0;0
-0.000326953;-0.000674369;0;0;0;0
-0.000396436;-0.000485662;0;0;0;0
-0.000414282;-0.000230771;0;0;0;0
-0.000377579;3.86732e-05;0;0;0;0
-0.000294329;0.000295886;0;0;0;0
-0.000176286;0.000608695;0;0;0;0
-1.92897e-05;0.000599747;0;0;0;0
0.000104518;0.000441668;0;0;0;0
0.000171948;0.000355893;0;0;0;0
0.000208737;0.000232014;0;0;0;0
0.000213392;0.000161036;0;0;0;0
0.000202921;3.05243e-05;0;0;0;0
0.000168442;-0.000173815;0;0;0;0
9.99904e-05;-0.000323024;0;0;0;0
1.53875e-05;-0.00114825;0;0;0;0
-0.00021734;-0.000930814;0;0;0;0
-0.000360035;-0.000585198;0;0;0;0
-0.000405067;-0.000334808;0;0;0;0
-0.000391015;-8.49305e-05;0;0;0;0
-0.000329798;0.00024077;0;0;0;0
-0.000215685;0.000512863;0;0;0;0
-6.99753e-05;0.000565936;0;0;0;0
5.72069e-05;0.000461242;0.00011184;0;-0.000111815;0
0.000138014;0.00034293;0;2.23679e-05;0;-2.23629e-05
0.000178997;0.00035781;0;1.78943e-05;0;-1.78903e-05
0.00021476;0.000269287;0.000115937;1.43155e-05;-0.00011591;-1.43123e-05
0.000225665;0.000128992;0;3.46397e-05;0;-3.46318e-05
0.00020633;5.80825e-05;0.000112284;2.77118e-05;-0.000112259;-2.77054e-05
0.000176681;-0.000114886;0.000347376;4.46262e-05;-0.000347135;-4.46161e-05
0.000118367;-0.000240087;0;0.000105176;0;-0.00010512
4.66765e-05;-0.000297436;0;8.4141e-05;0;-8.40959e-05
-2.2146e-05;-0.00131253;0;6.73128e-05;0;-6.72767e-05
-0.000280223;-0.000937947;0;5.38502e-05;0;-5.38214e-05
-0.000411768;-0.000519231;0.000111017;4.30802e-05;-0.000110992;-4.30571e-05
-0.000433261;-0.000246505;0;5.66675e-05;0;-5.66441e-05
-0.000395909;0.000120817;0.000230453;4.5334e-05;-0.000230347;-4.53153e-05
-0.000292564;0.00038979;0;8.23579e-05;0;-8.23217e-05
-0.000156093;0.000646012;0;6.58863e-05;0;-6.58573e-05
4.32767e-06;0.000473958;0;5.2709e-05;0;-5.26859e-05
9.82537e-05;0.000404318;0;4.21672e-05;0;-4.21487e-05
0.000159467;0.000336118;0.000114002;3.37338e-05;-0.000113976;-3.37189e-05
0.000194797;0.000252095;0.000109857;4.97875e-05;-0.000109833;-4.97704e-05
0.000206257;0.00016829;0;6.18014e-05;0;-6.17829e-05
0.000198663;5.86233e-05;0.000111548;4.94411e-05;-0.000111523;-4.94263e-05
0.000170655;-0.00016;0;6.18625e-05;0;-6.18457e-05
0.000104524;-0.000281549;0.00011565;4.949e-05;-0.000115623;-4.94765e-05
2.73096e-05;-0.00115878;0;6.2722e-05;0;-6.27059e-05
-0.000209909;-0.000961978;0.000112977;5.01776e-05;-0.000112952;-5.01647e-05
-0.000360323;-0.000590671;0;6.27375e-05;0;-6.27221e-05
-0.000406393;-0.000256184;0;5.019e-05;0;-5.01777e-05
-0.000376351;-4.71269e-05;0.000113087;4.0152e-05;-0.000113062;-4.01421e-05
-0.000310506;0.000231883;0;5.4739e-05;0;-5.4726e-05
-0.000202028;0.000522628;0.000227856;4.37912e-05;-0.000227752;-4.37808e-05
-5.70971e-05;0.000479007;0;8.06042e-05;0;-8.05751e-05
5.01237e-05;0.000491961;0;6.44834e-05;0;-6.44601e-05
0.000138491;0.0004019;0.000113327;5.15867e-05;-0.000113301;-5.15681e-05
0.000191173;0.000260994;0;6.39348e-05;0;-6.39148e-05
0.000205137;0.000196302;0;5.11478e-05;0;-5.11318e-05
0.00020337;2.50073e-05;0;4.09183e-05;0;-4.09054e-05
0.000167698;-0.000194569;0.00022669;3.27346e-05;-0.000226588;-3.27244e-05
9.52443e-05;-0.000343325;0;7.15258e-05;0;-7.1497e-05
7.53041e-06;-0.00091996;0;5.72206e-05;0;-5.71976e-05
-0.000177968;-0.00108861;0.000115174;4.57765e-05;-0.000115147;-4.57581e-05
-0.000360096;-0.00057649;0.000335555;5.9656e-05;-0.00033533;-5.96359e-05
-0.000403375;-0.00032753;0.000111193;0.000114836;-0.000111168;-0.000114775
-0.000388206;1.86942e-05;0.00022572;0.000114107;-0.000225618;-0.000114053
-0.000306826;0.000288528;0.000302137;0.00013643;-0.000301955;-0.000136366
-0.000187755;0.000560699;0.000270462;0.000169571;-0.000270315;-0.000169484
-3.80643e-05;0.000515006;0;0.000189749;0;-0.00018965
7.25498e-05;0.000521697;0.000224292;0.000151799;-0.000224191;-0.00015172
0.000162379;0.000359596;0;0.000166298;0;-0.000166214
0.000201822;0.000279478;0.000111382;0.000133038;-0.000111357;-0.000132972
0.000217354;9.03074e-05;4.57554e-05;0.000128707;-4.57512e-05;-0.000128649
0.000191944;-6.44004e-05;0.000117858;0.000112117;-0.00011783;-0.000112069
0.000140675;-0.000271388;0.000106616;0.000113265;-0.000106593;-0.000113221
5.82628e-05;-0.000569929;8.98912e-05;0.000111935;-8.9875e-05;-0.000111896
-6.73756e-05;-0.00128558;0.000136689;0.000107526;-0.000136652;-0.000107492
-0.000311016;-0.000790922;0.000247756;0.000113359;-0.000247633;-0.000113324
-0.000406998;-0.000410044;0.000355273;0.000140238;-0.00035502;-0.000140186
-0.000407607;-0.000128506;0.000455692;0.000183245;-0.000455277;-0.000183153
-0.000351787;0.000165926;0.000451526;0.000237735;-0.000451119;-0.000237577
-0.000248244;0.000490493;0.000442245;0.000280493;-0.000441854;-0.000280286
-0.000100497;0.000573171;0.000407734;0.000312843;-0.000407402;-0.000312599
3.42367e-05;0.000499053;0.000403245;0.000331822;-0.00040292;-0.00033156
0.0001272;0.000451398;0.000503673;0.000346106;-0.000503166;-0.000345832
0.00019204;0.000358245;0.000484702;0.00037762;-0.000484232;-0.000377299
0.000225281;0.000304668;0.00046664;0.000399036;-0.000466205;-0.000398685
0.000241158;0.000219685;0;0.000412557;0;-0.000412189
0.000236864;0.000169286;0;0.000330045;0;-0.000329752
0.000223348;-0.000168504;0;0.000264036;0;-0.000263801
0.000144978;-0.000417214;0.000112067;0.000211229;-0.000112042;-0.000211041
3.25393e-05;-0.00120799;0;0.000191397;0;-0.000191241
-0.000215566;-0.000907102;0.000111903;0.000153117;-0.000111878;-0.000152993
-0.000353873;-0.000628047;0.000110812;0.000144874;-0.000110788;-0.00014477
-0.000408708;-0.000464218;0;0.000138062;0;-0.000137973
-0.00041981;-0.000274131;0;0.00011045;0;-0.000110379
-0.000390674;-1.56903e-05;0.000112185;8.83596e-05;-0.00011216;-8.8303e-05
-0.000315677;0.000262394;9.83416e-05;9.31248e-05;-9.83223e-05;-9.30744e-05
-0.000200063;0.00045349;0;9.41681e-05;0;-9.4124e-05
-6.93526e-05;0.000477136;0;7.53345e-05;0;-7.52992e-05
3.9945e-05;0.000377948;0;6.02676e-05;0;-6.02393e-05
0.000107546;0.000313059;0.000110181;4.82141e-05;-0.000110157;-4.81915e-05
0.000148648;0.000217326;0.000110075;6.06075e-05;-0.000110051;-6.05845e-05
0.000162384;0.000112346;7.95361e-05;7.05009e-05;-7.95235e-05;-7.04777e-05
0.000152376;2.21436e-05;0;7.2308e-05;0;-7.22869e-05
0.00012633;-0.000127022;0;5.78464e-05;0;-5.78295e-05
7.56594e-05;-0.000289685;0;4.62771e-05;0;-4.62636e-05
2.59053e-06;-0.00123034;0;3.70217e-05;0;-3.70109e-05
-0.000243996;-0.00100073;0;2.96173e-05;0;-2.96087e-05
-0.000395343;-0.000562349;0;2.36939e-05;0;-2.3687e-05
-0.000428744;-0.000322652;0;1.89551e-05;0;-1.89496e-05
-0.000407526;-3.33591e-05;0;1.51641e-05;0;-1.51597e-05
-0.000332692;0.000239508;0;1.21313e-05;0;-1.21277e-05
-0.000218252;0.000508317;0;9.70501e-06;0;-9.70218e-06
-7.29384e-05;0.000493059;0;7.76401e-06;0;-7.76175e-06
4.02611e-05;0.000400399;0;6.21121e-06;0;-6.2094e-06
0.000112289;0.000335213;0.000113438;4.96897e-06;-0.000113412;-4.96752e-06
0.000156874;0.00028476;0;2.66628e-05;0;-2.66565e-05
0.000182451;0.000263152;0;2.13302e-05;0;-2.13252e-05
0.000198591;0.000168179;0;1.70642e-05;0;-1.70601e-05
0.000192509;6.62682e-05;0;1.36513e-05;0;-1.36481e-05
0.000167261;-7.52839e-05;0;1.09211e-05;0;-1.09185e-05
0.000118752;-0.000290952;0;8.73686e-06;0;-8.73479e-06
3.68111e-05;-0.000673984;0;6.98949e-06;0;-6.98783e-06
-0.000105348;-0.00124037;0;5.59159e-06;0;-5.59027e-06
-0.000332352;-0.000657145;0;4.47327e-06;0;-4.47221e-06
-0.000397311;-0.000374196;0;3.57862e-06;0;-3.57777e-06
-0.000392688;-0.000109813;0;2.86289e-06;0;-2.86222e-06
-0.000336113;0.000200262;0;2.29031e-06;0;-2.28977e-06
-0.000228838;0.000471495;0;1.83225e-06;0;-1.83182e-06
-8.87711e-05;0.000520446;0;1.4658e-06;0;-1.46545e-06
3.30723e-05;0.000394329;0;1.17264e-06;0;-1.17236e-06
0.000105324;0.000389587;0;9.38113e-07;0;-9.37891e-07
0.000162176;0.000281002;0;7.5049e-07;0;-7.50313e-07
0.000185941;0.000216084;0;6.00392e-07;0;-6.0025e-07
0.00019197;0.000172225;0;4.80314e-07;0;-4.802e-07
0.000188021;0.000111412;0;3.84251e-07;0;-3.8416e-07
0.000172699;1.3753e-05;0;3.07401e-07;0;-3.07328e-07
0.00014091;-0.000162138;0;2.45921e-07;0;-2.45863e-07
8.03003e-05;-0.000242253;0;1.96737e-07;0;-1.9669e-07
1.57896e-05;-0.00100919;0;1.57389e-07;0;-1.57352e-07
-0.000189206;-0.00113514;0;1.25911e-07;0;-1.25882e-07
-0.000378393;-0.000566827;0;1.00729e-07;0;-1.00705e-07
-0.00041608;-0.000217902;0;8.05833e-08;0;-8.05642e-08
-0.000376444;9.4293e-05;0;6.44666e-08;0;-6.44514e-08
-0.000282297;0.000401798;0;5.15733e-08;0;-5.15611e-08
-0.000145478;0.000587158;0;4.12586e-08;0;-4.12489e-08
1.04925e-06;0.000509258;0;3.30069e-08;0;-3.29991e-08
0.000102691;0.000456829;0;2.64055e-08;0;-2.63993e-08
0.000173519;0.000355312;0;2.11244e-08;0;-2.11194e-08
0.000209877;0.000310969;0;1.68995e-08;0;-1.68955e-08
0.000230096;0.000237137;0;1.35196e-08;0;-1.35164e-08
0.000231504;0.00018185;0;1.08157e-08;0;-1.08131e-08
0.000221573;8.6797e-05;0;8.65256e-09;0;-8.65052e-09
0.000194618;2.08508e-06;0;6.92205e-09;0;-6.92041e-09
0.000156111;-0.00013731;0;5.53764e-09;0;-5.53633e-09
9.74271e-05;-0.000312388;0;4.43011e-09;0;-4.42907e-09
1.54641e-05;-0.00118066;0;3.54409e-09;0;-3.54325e-09
-0.00022376;-0.000963329;0;2.83527e-09;0;-2.8346e-09
-0.000371674;-0.000459633;0;2.26822e-09;0;-2.26768e-09
-0.000389266;-0.00018247;0;1.81457e-09;0;-1.81415e-09
-0.000347907;0.000171638;0;1.45166e-09;0;-1.45132e-09
-0.000243998;0.000381634;0;1.16133e-09;0;-1.16105e-09
-0.000118871;0.00053924;0;9.29062e-10;0;-9.28842e-10
1.2751e-05;0.000535671;0;7.4325e-10;0;-7.43074e-10
0.000117335;0.000450393;0;5.946e-10;0;-5.94459e-10
0.000183947;0.000449709;0;4.7568e-10;0;-4.75567e-10
0.000237099;0.00035504;0;3.80544e-10;0;-3.80454e-10
0.000260687;0.000271545;0;3.04435e-10;0;-3.04363e-10
0.000262859;0.000198198;0;2.43548e-10;0;-2.4349e-10
0.000249926;0.000116904;0;1.94838e-10;0;-1.94792e-10
0.000223322;1.66461e-05;0;1.55871e-10;0;-1.55834e-10
0.000181987;-0.000117384;0;1.24697e-10;0;-1.24667e-10
0.000122113;-0.000257797;0;9.97573e-11;0;-9.97337e-11
4.61307e-05;-0.000654772;0;7.98058e-11;0;-7.97869e-11
-9.40499e-05;-0.00125874;0;6.38447e-11;0;-6.38296e-11
-0.000326987;-0.000705765;0;5.10757e-11;0;-5.10636e-11
-0.000402743;-0.000289906;0;4.08606e-11;0;-4.08509e-11
-0.000380175;1.30192e-05;0;3.26885e-11;0;-3.26807e-11
-0.000301536;0.000389094;0;2.61508e-11;0;-2.61446e-11
-0.00016341;0.000602114;0;2.09206e-11;0;-2.09157e-11
-1.03054e-05;0.000538155;0;1.67365e-11;0;-1.67325e-11
9.93868e-05;0.000510143;0;1.33892e-11;0;-1.3386e-11
0.000181538;0.000456311;0;1.07114e-11;0;-1.07088e-11
0.000236493;0.000386025;0;8.56908e-12;0;-8.56706e-12
0.000266399;0.000324411;0;6.85527e-12;0;-6.85365e-12
0.000278001;0.000188076;0;5.48421e-12;0;-5.48292e-12
0.000260016;0.000155736;0;4.38737e-12;0;-4.38633e-12
0.00023916;4.49508e-05;0;3.5099e-12;0;-3.50907e-12
0.000200318;8.79785e-07;0;2.80792e-12;0;-2.80725e-12
0.000160431;-0.000111207;0;2.24633e-12;0;-2.2458e-12
0.000106103;-0.000221611;0;1.79707e-12;0;-1.79664e-12
4.05604e-05;-0.000546427;0;1.43765e-12;0;-1.43731e-12
-7.6837e-05;-0.00139984;0;1.15012e-12;0;-1.14985e-12
-0.000341437;-0.000707738;0;9.20098e-13;0;-9.19881e-13
-0.000414697;-0.000303092;0;7.36079e-13;0;-7.35905e-13
-0.000392376;6.85433e-05;0;5.88863e-13;0;-5.88724e-13
-0.000300192;0.000390711;0;4.7109e-13;0;-4.70979e-13
-0.000162011;0.000633157;0;3.76872e-13;0;-3.76783e-13
-2.9777e-06;0.000555938;0;3.01498e-13;0;-3.01427e-13
0.000108805;0.000568583;0;2.41198e-13;0;-2.41141e-13
0.000200761;0.00044731;0;1.92959e-13;0;-1.92913e-13
0.000250071;0.000402774;0;1.54367e-13;0;-1.5433e-13
0.000280611;0.000335461;0;1.23494e-13;0;-1.23464e-13
0.000291581;0.000295449;0;9.87948e-14;0;-9.87715e-14
0.000292355;0.000205756;0;7.90359e-14;0;-7.90172e-14
0.000275035;0.00013563;0;6.32287e-14;0;-6.32137e-14
0.000247154;5.4187e-05;0;5.05829e-14;0;-5.0571e-14
0.000208561;1.70794e-05;0;4.04664e-14;0;-4.04568e-14
0.000170264;-8.89553e-05;0;3.23731e-14;0;-3.23654e-14
0.00011842;-0.0001736;0;2.58985e-14;0;-2.58923e-14
6.00163e-05;-0.000245425;0;2.07188e-14;0;-2.07139e-14
-1.07198e-06;-0.00132503;0;1.6575e-14;0;-1.65711e-14
-0.000265863;-0.000970813;0;1.326e-14;0;-1.32569e-14
-0.000406853;-0.000415479;0;1.0608e-14;0;-1.06055e-14
-0.000408578;-2.99056e-05;0;8.48641e-15;0;-8.4844e-15
-0.000332844;0.000318987;0;6.78913e-15;0;-6.78752e-15
-0.000202478;0.000632886;0;5.4313e-15;0;-5.43002e-15
-3.54048e-05;0.000642036;0;4.34504e-15;0;-4.34401e-15
0.000100083;0.000584061;0;3.47603e-15;0;-3.47521e-15
0.000196879;0.000535405;0;2.78083e-15;0;-2.78017e-15
0.000264584;0.000449739;0;2.22466e-15;0;-2.22414e-15
0.000301615;0.000416683;0;1.77973e-15;0;-1.77931e-15
0.000324629;0.000329404;0;1.42378e-15;0;-1.42345e-15
0.000325584;0.000253989;0;1.13903e-15;0;-1.13876e-15
0.000311265;0.000205402;0;9.11221e-16;0;-9.11006e-16
0.000290092;0.000158903;0;7.28977e-16;0;-7.28805e-16
0.000263854;0.00010837;0;5.83182e-16;0;-5.83044e-16
0.000232758;6.12473e-05;0;4.66545e-16;0;-4.66435e-16
0.000198456;1.86701e-05;0;3.73236e-16;0;-3.73148e-16
0.000162498;-2.12401e-05;0;2.98589e-16;0;-2.98518e-16
0.000125751;-7.4296e-05;0;2.38871e-16;0;-2.38815e-16
8.57414e-05;-0.000120522;0;1.91097e-16;0;-1.91052e-16
4.44888e-05;-0.000243225;0;1.52878e-16;0;-1.52841e-16
-1.3054e-05;-0.00145497;0;1.22302e-16;0;-1.22273e-16
-0.000301438;-0.00093143;0;9.78416e-17;0;-9.78185e-17
-0.000427436;-0.000351452;0;7.82733e-17;0;-7.82548e-17
-0.000412239;9.53449e-05;0;6.26187e-17;0;-6.26038e-17
-0.000310722;0.00041415;0;5.00949e-17;0;-5.00831e-17
-0.000165748;0.000662122;0;4.00759e-17;0;-4.00665e-17
-1.7385e-07;0.000659184;0;3.20608e-17;0;-3.20532e-17
0.000131698;0.000638281;0;2.56486e-17;0;-2.56425e-17
0.000233014;0.00058937;0;2.05189e-17;0;-2.0514e-17
0.000304286;0.000500163;0;1.64151e-17;0;-1.64112e-17
0.000343461;0.000395571;0;1.31321e-17;0;-1.3129e-17
0.000353883;0.000328779;0;1.05057e-17;0;-1.05032e-17
0.000348862;0.000326597;0;8.40453e-18;0;-8.40255e-18
0.000344409;0.000234004;0;6.72363e-18;0;-6.72204e-18
0.000322328;0.000155463;0;5.3789e-18;0;-5.37763e-18
0.000288955;0.000131303;0;4.30312e-18;0;-4.3021e-18
0.000257425;6.99958e-05;0;3.4425e-18;0;-3.44168e-18
0.000219939;4.34766e-05;0;2.754e-18;0;-2.75335e-18
0.000184646;3.10805e-05;0;2.2032e-18;0;-2.20268e-18
0.000153933;3.20304e-05;0;1.76256e-18;0;-1.76214e-18
0.000129553;2.54623e-05;0;1.41005e-18;0;-1.40971e-18
0.000108735;7.17113e-05;0;1.12804e-18;0;-1.12777e-18
0.00010133;0.000162437;0;9.0243e-19;0;-9.02217e-19
0.000113551;0.00028936;0;7.21944e-19;0;-7.21773e-19
0.000148713;0.000415888;0;5.77555e-19;0;-5.77419e-19
0.000202148;0.000406988;0;4.62044e-19;0;-4.61935e-19
0.000243116;0.000307891;0;3.69635e-19;0;-3.69548e-19
0.000256071;0.000146172;0;2.95708e-19;0;-2.95638e-19
0.000234091;8.77302e-05;0;2.36567e-19;0;-2.36511e-19
0.000204819;8.91848e-05;0;1.89253e-19;0;-1.89209e-19
0.000181692;3.88234e-05;0;1.51403e-19;0;-1.51367e-19
0.000153118;-1.69857e-05;0;1.21122e-19;0;-1.21093e-19
0.000119098;-5.94412e-05;0;9.68977e-20;0;-9.68748e-20
8.33899e-05;-0.000114593;0;7.75181e-20;0;-7.74998e-20
4.37934e-05;-0.000210532;0;6.20145e-20;0;-6.19998e-20
-7.07169e-06;-0.000435141;0;4.96116e-20;0;-4.95999e-20
-9.26856e-05;-0.00146567;0;3.96893e-20;0;-3.96799e-20
-0.000367282;-0.000723536;0;3.17514e-20;0;-3.17439e-20
-0.000438533;-0.000181365;0;2.54011e-20;0;-2.53951e-20
-0.000387099;0.000190244;0;2.03209e-20;0;-2.03161e-20
-0.000271631;0.000598599;0;1.62567e-20;0;-1.62529e-20
-9.75848e-05;0.000654431;0;1.30054e-20;0;-1.30023e-20
5.28184e-05;0.000679578;0;1.04043e-20;0;-1.04018e-20
0.00017817;0.000637778;0;8.32345e-21;0;-8.32148e-21
0.000270092;0.000570792;0;6.65876e-21;0;-6.65718e-21
0.000330232;0.000505089;0;5.32701e-21;0;-5.32575e-21
0.000365203;0.000418079;0;4.2616e-21;0;-4.2606e-21
0.000375778;0.000363853;0;3.40928e-21;0;-3.40848e-21
0.000373393;0.000335109;0;2.72743e-21;0;-2.72678e-21
0.000365736;0.000254617;0;2.18194e-21;0;-2.18143e-21
0.000343513;0.0002444;0;1.74555e-21;0;-1.74514e-21
0.00032369;0.000205959;0;1.39644e-21;0;-1.39611e-21
0.000300144;0.000171057;0;1.11715e-21;0;-1.11689e-21
0.000274326;0.000194992;0;8.93723e-22;0;-8.93512e-22
0.00025846;0.000205601;0;7.14979e-22;0;-7.1481e-22
0.000247888;0.000210255;0;5.71983e-22;0;-5.71848e-22
0.000240361;0.000201819;0;4.57586e-22;0;-4.57478e-22
0.000232653;0.000178665;0;3.66069e-22;0;-3.65982e-22
0.000221855;0.000246829;0;2.92855e-22;0;-2.92786e-22
0.00022685;0.000245147;0;2.34284e-22;0;-2.34229e-22
0.000230509;0.000235999;0;1.87427e-22;0;-1.87383e-22
0.000231607;0.000240386;0;1.49942e-22;0;-1.49906e-22
0.000233363;0.000225014;0;1.19954e-22;0;-1.19925e-22
0.000231693;0.000207432;0;9.59628e-23;0;-9.59401e-23
0.000226841;0.000202686;0;7.67702e-23;0;-7.67521e-23
0.00022201;0.000213106;0;6.14162e-23;0;-6.14017e-23
0.000220229;0.000195119;0;4.9133e-23;0;-4.91213e-23
0.000215207;0.000188919;0;3.93064e-23;0;-3.92971e-23
0.000209949;0.000207511;0;3.14451e-23;0;-3.14377e-23
0.000209462;0.000231617;0;2.51561e-23;0;-2.51501e-23
0.000213893;0.000252071;0;2.01249e-23;0;-2.01201e-23
0.000221528;0.000230012;0;1.60999e-23;0;-1.60961e-23
0.000223225;0.000227222;0;1.28799e-23;0;-1.28769e-23
0.000224025;0.000225743;0;1.03039e-23;0;-1.03015e-23
0.000224368;0.000218703;0;8.24314e-24;0;-8.24119e-24
0.000223235;0.000246492;0;6.59451e-24;0;-6.59295e-24
0.000227887;0.00024975;0;5.27561e-24;0;-5.27436e-24
0.000232259;0.000234714;0;4.22049e-24;0;-4.21949e-24
0.00023275;0.000224535;0;3.37639e-24;0;-3.37559e-24
0.000231107;0.000251492;0;2.70111e-24;0;-2.70047e-24
0.000235184;0.0002522;0;2.16089e-24;0;-2.16038e-24
0.000238587;0.000223474;0;1.72871e-24;0;-1.7283e-24
0.000235565;0.000206604;0;1.38297e-24;0;-1.38264e-24
0.000229773;0.000202894;0;1.10638e-24;0;-1.10611e-24
0.000224397;0.000227526;0;8.85101e-25;0;-8.84891e-25
0.000225023;0.000225494;0;7.08081e-25;0;-7.07913e-25
0.000225117;0.000287649;0;5.66464e-25;0;-5.6633e-25
0.000237623;0.000308482;0;4.53172e-25;0;-4.53064e-25
0.000251795;0.000276143;0;3.62537e-25;0;-3.62452e-25
0.000256665;0.000255158;0;2.9003e-25;0;-2.89961e-25
0.000256363;0.000248487;0;2.32024e-25;0;-2.31969e-25
0.000254788;0.000256189;0;1.85619e-25;0;-1.85575e-25
0.000255068;0.000218172;0;1.48495e-25;0;-1.4846e-25
0.000247689;0.000187942;0;1.18796e-25;0;-1.18768e-25
0.00023574;0.000169758;0;9.5037e-26;0;-9.50145e-26
0.000222543;0.000209754;0;7.60296e-26;0;-7.60116e-26
0.000219985;0.000267149;0;6.08237e-26;0;-6.08093e-26
0.000229418;0.000333552;0;4.86589e-26;0;-4.86474e-26
0.000250245;0.00038231;0;3.89271e-26;0;-3.89179e-26
0.000276658;0.00029116;0;3.11417e-26;0;-3.11343e-26
0.000279558;0.000215885;0;2.49134e-26;0;-2.49075e-26
0.000266824;0.000147722;0;1.99307e-26;0;-1.9926e-26
0.000243003;0.000176098;0;1.59446e-26;0;-1.59408e-26
0.000229622;0.000199969;0;1.27556e-26;0;-1.27526e-26
0.000223692;0.000287843;0;1.02045e-26;0;-1.02021e-26
0.000236522;0.000355182;0;8.16361e-27;0;-8.16168e-27
0.000260254;0.000390015;0;6.53089e-27;0;-6.52935e-27
0.000286206;0.00030934;0;5.22471e-27;0;-5.22348e-27
0.000290833;0.000277822;0;4.17977e-27;0;-4.17878e-27
0.000288231;0.000235818;0;3.34382e-27;0;-3.34303e-27
0.000277748;0.000225306;0;2.67505e-27;0;-2.67442e-27
0.00026726;0.000250301;0;2.14004e-27;0;-2.13954e-27
0.000263868;0.000245256;0;1.71203e-27;0;-1.71163e-27
0.000260146;0.000249151;0;1.36963e-27;0;-1.3693e-27
0.000257947;0.00027182;0;1.0957e-27;0;-1.09544e-27
0.000260721;0.000309632;0;8.76561e-28;0;-8.76354e-28
0.000270504;0.000293137;0;7.01249e-28;0;-7.01083e-28
0.00027503;0.000277561;0;5.60999e-28;0;-5.60867e-28
0.000275536;0.000287728;0;4.48799e-28;0;-4.48693e-28
0.000277975;0.000301264;0;3.59039e-28;0;-3.58955e-28
0.000282633;0.000274824;0;2.87232e-28;0;-2.87164e-28
0.000281071;0.000258375;0;2.29785e-28;0;-2.29731e-28
0.000276532;0.000281628;0;1.83828e-28;0;-1.83785e-28
0.000277551;0.000286945;0;1.47063e-28;0;-1.47028e-28
0.00027943;0.000312725;0;1.1765e-28;0;-1.17622e-28
0.000286089;0.000323044;0;9.41201e-29;0;-9.40978e-29
0.00029348;0.000341354;0;7.5296e-29;0;-7.52782e-29
0.000303055;0.000308692;0;6.02368e-29;0;-6.02226e-29
0.000304182;0.000287478;0;4.81895e-29;0;-4.81781e-29
0.000300841;0.000254907;0;3.85516e-29;0;-3.85425e-29
0.000291655;0.000239768;0;3.08413e-29;0;-3.0834e-29
0.000281277;0.000287745;0;2.4673e-29;0;-2.46672e-29
0.000282571;0.000290244;0;1.97384e-29;0;-1.97337e-29
0.000284105;0.000288151;0;1.57907e-29;0;-1.5787e-29
0.000284914;0.000335682;0;1.26326e-29;0;-1.26296e-29
0.000295068;0.000378079;0;1.01061e-29;0;-1.01037e-29
0.00031167;0.000329992;0;8.08485e-30;0;-8.08294e-30
0.000315335;0.000343887;0;6.46788e-30;0;-6.46635e-30
0.000321045;0.000308599;0;5.1743e-30;0;-5.17308e-30
0.000318556;0.000259642;0;4.13944e-30;0;-4.13846e-30
0.000306773;0.000307425;0;3.31155e-30;0;-3.31077e-30
0.000306904;0.000313917;0;2.64924e-30;0;-2.64862e-30
0.000308306;0.000346477;0;2.1194e-30;0;-2.11889e-30
0.00031594;0.00032045;0;1.69552e-30;0;-1.69512e-30
0.000316842;0.000312029;0;1.35641e-30;0;-1.35609e-30
0.00031588;0.000303534;0;1.08513e-30;0;-1.08487e-30
0.00031341;0.000266728;0;8.68104e-31;0;-8.67899e-31
0.000304074;0.000288725;0;6.94483e-31;0;-6.94319e-31
0.000301004;0.000306374;0;5.55587e-31;0;-5.55455e-31
0.000302078;0.000370578;0;4.44469e-31;0;-4.44364e-31
0.000315778;0.000359011;0;3.55575e-31;0;-3.55491e-31
0.000324425;0.000310874;0;2.8446e-31;0;-2.84393e-31
0.000321714;0.000322081;0;2.27568e-31;0;-2.27514e-31
0.000321788;0.000339486;0;1.82055e-31;0;-1.82012e-31
0.000325327;0.000303993;0;1.45644e-31;0;-1.45609e-31
0.000321061;0.000300096;0;1.16515e-31;0;-1.16487e-31
0.000316868;0.000327275;0;9.3212e-32;0;-9.31899e-32
0.000318949;0.000327318;0;7.45696e-32;0;-7.4552e-32
0.000320623;0.000303053;0;5.96557e-32;0;-5.96416e-32
0.000317109;0.000377144;0;4.77245e-32;0;-4.77132e-32
0.000329116;0.000357076;0;3.81796e-32;0;-3.81706e-32
0.000334708;0.000300136;0;3.05437e-32;0;-3.05365e-32
0.000327794;0.000282056;0;2.4435e-32;0;-2.44292e-32
0.000318646;0.000343042;0;1.9548e-32;0;-1.95433e-32
0.000323525;0.000340557;0;1.56384e-32;0;-1.56347e-32
0.000326932;0.000345451;0;1.25107e-32;0;-1.25077e-32
0.000330635;0.000354836;0;1.00086e-32;0;-1.00062e-32
0.000335476;0.000370511;0;8.00685e-33;0;-8.00495e-33
0.000342483;0.000361261;0;6.40548e-33;0;-6.40396e-33
0.000346238;0.00035221;0;5.12438e-33;0;-5.12317e-33
0.000347433;0.000382886;0;4.09951e-33;0;-4.09854e-33
0.000354523;0.000348;0;3.27961e-33;0;-3.27883e-33
0.000353219;0.000384518;0;2.62368e-33;0;-2.62306e-33
0.000359478;0.000366829;0;2.09895e-33;0;-2.09845e-33
0.000360949;0.000316604;0;1.67916e-33;0;-1.67876e-33
0.00035208;0.000336086;0;1.34333e-33;0;-1.34301e-33
0.000348881;0.000320349;0;1.07466e-33;0;-1.07441e-33
0.000343175;0.000318996;0;8.59729e-34;0;-8.59525e-34
0.000338339;0.000306761;0;6.87783e-34;0;-6.8762e-34
0.000332023;0.0003543;0;5.50226e-34;0;-5.50096e-34
0.000336479;0.000358508;0;4.40181e-34;0;-4.40077e-34
0.000340885;0.000414241;0;3.52145e-34;0;-3.52062e-34
0.000355556;0.000425048;0;2.81716e-34;0;-2.81649e-34
0.000369454;0.000430192;0;2.25373e-34;0;-2.25319e-34
0.000381602;0.000412123;0;1.80298e-34;0;-1.80256e-34
0.000387706;0.00038342;0;1.44239e-34;0;-1.44204e-34
0.000386849;0.000354725;0;1.15391e-34;0;-1.15364e-34
0.000380424;0.000342264;0;9.23127e-35;0;-9.22908e-35
0.000372792;0.000322921;0;7.38501e-35;0;-7.38327e-35
0.000362818;0.000355028;0;5.90801e-35;0;-5.90661e-35
0.00036126;0.000365674;0;4.72641e-35;0;-4.72529e-35
0.000362143;0.00039558;0;3.78113e-35;0;-3.78023e-35
0.00036883;0.000388124;0;3.0249e-35;0;-3.02419e-35
0.000372689;0.000406284;0;2.41992e-35;0;-2.41935e-35
0.000379408;0.000374711;0;1.93594e-35;0;-1.93548e-35
0.000378469;0.000331617;0;1.54875e-35;0;-1.54838e-35
0.000369098;0.000385335;0;1.239e-35;0;-1.23871e-35
0.000372346;0.000368416;0;9.912e-36;0;-9.90965e-36
0.00037156;0.000397027;0;7.9296e-36;0;-7.92772e-36
0.000376653;0.000414684;0;6.34368e-36;0;-6.34218e-36
0.000384259;0.000409402;0;5.07494e-36;0;-5.07374e-36
0.000389288;0.000391899;0;4.05995e-36;0;-4.05899e-36
0.00038981;0.000370696;0;3.24796e-36;0;-3.2472e-36
0.000385987;0.000379929;0;2.59837e-36;0;-2.59776e-36
0.000384776;0.000419302;0;2.0787e-36;0;-2.07821e-36
0.000391681;0.000399135;0;1.66296e-36;0;-1.66256e-36
0.000393172;0.000394495;0;1.33037e-36;0;-1.33005e-36
0.000393436;0.00040529;0;1.06429e-36;0;-1.06404e-36
0.000395807;0.000362991;0;8.51434e-37;0;-8.51233e-37
0.000389244;0.000377058;0;6.81147e-37;0;-6.80986e-37
0.000386807;0.00039163;0;5.44918e-37;0;-5.44789e-37
0.000387771;0.000436473;0;4.35934e-37;0;-4.35831e-37
0.000397512;0.000394573;0;3.48747e-37;0;-3.48665e-37
0.000396924;0.000431503;0;2.78998e-37;0;-2.78932e-37
0.00040384;0.000419389;0;2.23198e-37;0;-2.23146e-37
0.00040695;0.000415959;0;1.78559e-37;0;-1.78516e-37
0.000408752;0.000455463;0;1.42847e-37;0;-1.42813e-37
0.000418094;0.000462366;0;1.14278e-37;0;-1.14251e-37
0.000426948;0.000439919;0;9.1422e-38;0;-9.14004e-38
0.000429543;0.000365268;0;7.31376e-38;0;-7.31203e-38
0.000416688;0.000391301;0;5.85101e-38;0;-5.84963e-38
0.00041161;0.0003952;0;4.68081e-38;0;-4.6797e-38
0.000408328;0.000425215;0;3.74465e-38;0;-3.74376e-38
0.000411706;0.000414859;0;2.99572e-38;0;-2.99501e-38
0.000412336;0.000449681;0;2.39657e-38;0;-2.39601e-38
0.000419805;0.000466398;0;1.91726e-38;0;-1.91681e-38
0.000429124;0.000411758;0;1.53381e-38;0;-1.53344e-38
0.000425651;0.000382839;0;1.22705e-38;0;-1.22676e-38
0.000417088;0.000421129;0;9.81637e-39;0;-9.81405e-39
0.000417897;0.000442452;0;7.85309e-39;0;-7.85124e-39
0.000422808;0.000457034;0;6.28248e-39;0;-6.28099e-39
0.000429653;0.000488846;0;5.02598e-39;0;-5.02479e-39
0.000441492;0.000440489;0;4.02078e-39;0;-4.01983e-39
0.000441291;0.000431565;0;3.21663e-39;0;-3.21587e-39
0.000439346;0.000413496;0;2.5733e-39;0;-2.57269e-39
0.000434176;0.000472247;0;2.05864e-39;0;-2.05815e-39
0.00044179;0.000433361;0;1.64691e-39;0;-1.64652e-39
0.000440104;0.000465445;0;1.31753e-39;0;-1.31722e-39
0.000445173;0.000421038;0;1.05402e-39;0;-1.05378e-39
0.000440346;0.000438368;0;8.4322e-40;0;-8.4302e-40
0.00043995;0.00046706;0;6.74576e-40;0;-6.74416e-40
0.000445372;0.000397619;0;5.39661e-40;0;-5.39533e-40
0.000435821;0.000383848;0;4.31728e-40;0;-4.31626e-40
0.000425427;0.000371054;0;3.45383e-40;0;-3.45301e-40
0.000414552;0.000455184;0;2.76306e-40;0;-2.76241e-40
0.000422679;0.000484666;0;2.21045e-40;0;-2.20993e-40
0.000435076;0.000485073;0;1.76836e-40;0;-1.76794e-40
0.000445075;0.000474424;0;1.41469e-40;0;-1.41435e-40
0.000450945;0.000499341;0;1.13175e-40;0;-1.13148e-40
0.000460624;0.000494943;0;9.054e-41;0;-9.05186e-41
0.000467488;0.000431085;0;7.2432e-41;0;-7.24149e-41
0.000460207;0.000398104;0;5.79456e-41;0;-5.79319e-41
0.000447787;0.000531287;0;4.63565e-41;0;-4.63455e-41
0.000464487;0.00050905;0;3.70852e-41;0;-3.70764e-41
0.000473399;0.000498021;0;2.96682e-41;0;-2.96611e-41
0.000478324;0.000440296;0;2.37345e-41;0;-2.37289e-41
0.000470718;0.000450056;0;1.89876e-41;0;-1.89831e-41
0.000466586;0.000446452;0;1.51901e-41;0;-1.51865e-41
0.000462559;0.000485397;0;1.21521e-41;0;-1.21492e-41
0.000467127;0.000444359;0;9.72166e-42;0;-9.71936e-42
0.000462573;0.000475914;0;7.77733e-42;0;-7.77549e-42
0.000465241;0.000491424;0;6.22186e-42;0;-6.22039e-42
0.000470478;0.000518906;0;4.97749e-42;0;-4.97631e-42
0.000480164;0.000502688;0;3.98199e-42;0;-3.98105e-42
0.000484668;0.000506691;0;3.18559e-42;0;-3.18484e-42
0.000489073;0.000458302;0;2.54847e-42;0;-2.54787e-42
0.000482919;0.000469298;0;2.03878e-42;0;-2.0383e-42
0.000480195;0.000471834;0;1.63102e-42;0;-1.63064e-42
0.000478523;0.000495074;0;1.30482e-42;0;-1.30451e-42
0.000481833;0.000521461;0;1.04386e-42;0;-1.04361e-42
0.000489758;0.000475741;0;8.35084e-43;0;-8.34887e-43
0.000486955;0.000474855;0;6.68067e-43;0;-6.67909e-43
0.000484535;0.000513829;0;5.34454e-43;0;-5.34327e-43
0.000490394;0.000531257;0;4.27563e-43;0;-4.27462e-43
0.000498566;0.00052136;0;3.4205e-43;0;-3.4197e-43
0.000503125;0.000471548;0;2.7364e-43;0;-2.73576e-43
0.00049681;0.000455091;0;2.18912e-43;0;-2.18861e-43
0.000488466;0.000499789;0;1.7513e-43;0;-1.75088e-43
0.000490731;0.000509027;0;1.40104e-43;0;-1.40071e-43
0.00049439;0.000545268;0;1.12083e-43;0;-1.12057e-43
0.000504565;0.000543024;0;8.96665e-44;0;-8.96453e-44
0.000512257;0.000497034;0;7.17332e-44;0;-7.17162e-44
0.000509213;0.000518763;0;5.73865e-44;0;-5.7373e-44
0.000511123;0.000478559;0;4.59092e-44;0;-4.58984e-44
0.00050461;0.000479107;0;3.67274e-44;0;-3.67187e-44
0.000499509;0.000507887;0;2.93819e-44;0;-2.9375e-44
0.000501185;0.000476449;0;2.35055e-44;0;-2.35e-44
0.000496238;0.000487233;0;1.88044e-44;0;-1.88e-44
0.000494437;0.000522631;0;1.50435e-44;0;-1.504e-44
0.000500076;0.000551928;0;1.20348e-44;0;-1.2032e-44
0.000510446;0.000533418;0;9.62787e-45;0;-9.62559e-45
0.00051504;0.000545047;0;7.70229e-45;0;-7.70047e-45
0.000521042;0.000531171;0;6.16183e-45;0;-6.16038e-45
0.000523068;0.000484133;0;4.92947e-45;0;-4.9283e-45
0.000515281;0.000523282;0;3.94357e-45;0;-3.94264e-45
0.000516881;0.000545294;0;3.15486e-45;0;-3.15411e-45
0.000522563;0.000507371;0;2.52389e-45;0;-2.52329e-45
0.000519525;0.00055898;0;2.01911e-45;0;-2.01863e-45
0.000527416;0.000515373;0;1.61529e-45;0;-1.61491e-45
0.000525007;0.000522262;0;1.29223e-45;0;-1.29192e-45
0.000524458;0.000543883;0;1.03378e-45;0;-1.03354e-45
0.000528343;0.000550871;0;8.27027e-46;0;-8.26832e-46
0.000532849;0.000590649;0;6.61622e-46;0;-6.61465e-46
0.000544409;0.00055022;0;5.29297e-46;0;-5.29172e-46
0.000545571;0.000573903;0;4.23438e-46;0;-4.23338e-46
0.000551238;0.000540808;0;3.3875e-46;0;-3.3867e-46
0.000549152;0.000556233;0;2.71e-46;0;-2.70936e-46
0.000550568;0.00052635;0;2.168e-46;0;-2.16749e-46
0.000545724;0.000532031;0;1.7344e-46;0;-1.73399e-46
0.000542986;0.000551131;0;1.38752e-46;0;-1.38719e-46
0.000544615;0.000573027;0;1.11002e-46;0;-1.10975e-46
0.000550297;0.000575682;0;8.88014e-47;0;-8.87804e-47
0.000555374;0.000569051;0;7.10411e-47;0;-7.10243e-47
0.00055811;0.000556977;0;5.68329e-47;0;-5.68194e-47
0.000557883;0.00054397;0;4.54663e-47;0;-4.54556e-47
0.000555101;0.000528251;0;3.6373e-47;0;-3.63644e-47
0.000549731;0.000555367;0;2.90984e-47;0;-2.90916e-47
0.000550858;0.000574922;0;2.32787e-47;0;-2.32732e-47
0.000555671;0.000558182;0;1.8623e-47;0;-1.86186e-47
0.000556173;0.000567929;0;1.48984e-47;0;-1.48949e-47
0.000558524;0.000601942;0;1.19187e-47;0;-1.19159e-47
0.000567208;0.000573096;0;9.53498e-48;0;-9.53272e-48
0.000568385;0.00054091;0;7.62798e-48;0;-7.62618e-48
0.00056289;0.000533427;0;6.10238e-48;0;-6.10094e-48
0.000556998;0.000548869;0;4.88191e-48;0;-4.88075e-48
0.000555372;0.00056765;0;3.90553e-48;0;-3.9046e-48
0.000557828;0.000521677;0;3.12442e-48;0;-3.12368e-48
0.000550597;0.000565811;0;2.49954e-48;0;-2.49895e-48
0.00055364;0.000618043;0;1.99963e-48;0;-1.99916e-48
0.000566521;0.000588158;0;1.5997e-48;0;-1.59933e-48
0.000570848;0.000635201;0;1.27976e-48;0;-1.27946e-48
0.000583719;0.000605127;0;1.02381e-48;0;-1.02357e-48
0.000588;0.000591579;0;8.19048e-49;0;-8.18854e-49
0.000588716;0.000635388;0;6.55239e-49;0;-6.55084e-49
0.00059805;0.000587748;0;5.24191e-49;0;-5.24067e-49
0.00059599;0.000596278;0;4.19353e-49;0;-4.19254e-49
0.000596048;0.000604869;0;3.35482e-49;0;-3.35403e-49
0.000597812;0.000656471;0;2.68386e-49;0;-2.68322e-49
0.000609544;0.00063695;0;2.14709e-49;0;-2.14658e-49
0.000615025;0.000630676;0;1.71767e-49;0;-1.71726e-49
0.000618155;0.00059995;0;1.37413e-49;0;-1.37381e-49
0.000614514;0.000524503;0;1.09931e-49;0;-1.09905e-49
0.000596512;0.000591661;0;8.79446e-50;0;-8.79238e-50
0.000595542;0.000640555;0;7.03557e-50;0;-7.03391e-50
0.000604544;0.000597553;0;5.62846e-50;0;-5.62713e-50
0.000603146;0.000595169;0;4.50277e-50;0;-4.5017e-50
0.000601551;0.000610287;0;3.60221e-50;0;-3.60136e-50
0.000603298;0.000601282;0;2.88177e-50;0;-2.88109e-50
0.000602895;0.000594938;0;2.30542e-50;0;-2.30487e-50
0.000601304;0.000622546;0;1.84433e-50;0;-1.8439e-50
0.000605552;0.000611004;0;1.47547e-50;0;-1.47512e-50
0.000606643;0.00058806;0;1.18037e-50;0;-1.18009e-50
0.000602926;0.000624394;0;9.44298e-51;0;-9.44075e-51
0.000607219;0.000621773;0;7.55439e-51;0;-7.5526e-51
0.00061013;0.000589751;0;6.04351e-51;0;-6.04208e-51
0.000606054;0.000627963;0;4.83481e-51;0;-4.83366e-51
0.000610436;0.000641151;0;3.86785e-51;0;-3.86693e-51
0.000616579;0.000683714;0;3.09428e-51;0;-3.09354e-51
0.000630006;0.000632436;0;2.47542e-51;0;-2.47484e-51
0.000630492;0.000659476;0;1.98034e-51;0;-1.97987e-51
0.000636289;0.000640387;0;1.58427e-51;0;-1.58389e-51
0.000637108;0.000695255;0;1.26742e-51;0;-1.26712e-51
0.000648738;0.000664058;0;1.01393e-51;0;-1.01369e-51
0.000651802;0.000632051;0;8.11146e-52;0;-8.10954e-52
0.000647852;0.000661238;0;6.48917e-52;0;-6.48763e-52
0.000650529;0.000668919;0;5.19133e-52;0;-5.19011e-52
0.000654207;0.00065282;0;4.15307e-52;0;-4.15209e-52
0.00065393;0.000649892;0;3.32245e-52;0;-3.32167e-52
0.000653122;0.000616061;0;2.65796e-52;0;-2.65733e-52
0.00064571;0.000643925;0;2.12637e-52;0;-2.12587e-52
0.000645353;0.000690305;0;1.7011e-52;0;-1.70069e-52
0.000654343;0.00064136;0;1.36088e-52;0;-1.36056e-52
0.000651747;0.000676859;0;1.0887e-52;0;-1.08844e-52
0.000656769;0.000657186;0;8.70961e-53;0;-8.70755e-53
0.000656853;0.000649239;0;6.96769e-53;0;-6.96604e-53
0.00065533;0.000632291;0;5.57415e-53;0;-5.57283e-53
0.000650722;0.000629375;0;4.45932e-53;0;-4.45827e-53
0.000646453;0.000653175;0;3.56746e-53;0;-3.56661e-53
0.000647797;0.000699401;0;2.85397e-53;0;-2.85329e-53
0.000658118;0.00068288;0;2.28317e-53;0;-2.28263e-53
0.00066307;0.000695406;0;1.82654e-53;0;-1.82611e-53
0.000669538;0.000697567;0;1.46123e-53;0;-1.46089e-53
0.000675143;0.000730819;0;1.16898e-53;0;-1.16871e-53
0.000686279;0.000708017;0;9.35188e-54;0;-9.34967e-54
0.000690626;0.000679666;0;7.4815e-54;0;-7.47973e-54
0.000688434;0.000658063;0;5.9852e-54;0;-5.98379e-54
0.00068236;0.000587322;0;4.78816e-54;0;-4.78703e-54
0.000663352;0.00068106;0;3.83053e-54;0;-3.82962e-54
0.000666894;0.000681897;0;3.06442e-54;0;-3.0637e-54
0.000669894;0.000667924;0;2.45154e-54;0;-2.45096e-54
0.0006695;0.000696843;0;1.96123e-54;0;-1.96077e-54
0.000674969;0.00071454;0;1.56898e-54;0;-1.56861e-54
0.000682883;0.000672528;0;1.25519e-54;0;-1.25489e-54
0.000680812;0.000669054;0;1.00415e-54;0;-1.00391e-54
0.000678461;0.000729454;0;8.0332e-55;0;-8.0313e-55
0.000688659;0.000705833;0;6.42656e-55;0;-6.42504e-55
0.000692094;0.000693956;0;5.14125e-55;0;-5.14003e-55
0.000692466;0.000638336;0;4.113e-55;0;-4.11203e-55
0.00068164;0.000745414;0;3.2904e-55;0;-3.28962e-55
0.000694395;0.000726163;0;2.63232e-55;0;-2.6317e-55
0.000700749;0.000747082;0;2.10586e-55;0;-2.10536e-55
0.000710015;0.000706224;0;1.68468e-55;0;-1.68429e-55
0.000709257;0.000662199;0;1.34775e-55;0;-1.34743e-55
0.000699846;0.000683121;0;1.0782e-55;0;-1.07794e-55
0.000696501;0.000706323;0;8.62558e-56;0;-8.62354e-56
0.000698465;0.000650991;0;6.90047e-56;0;-6.89884e-56
0.00068897;0.000714138;0;5.52037e-56;0;-5.51907e-56
0.000694004;0.000736781;0;4.4163e-56;0;-4.41525e-56
0.000702559;0.000752081;0;3.53304e-56;0;-3.5322e-56
0.000712464;0.000742796;0;2.82643e-56;0;-2.82576e-56
0.00071853;0.000703528;0;2.26115e-56;0;-2.26061e-56
0.00071553;0.00256108;0;1.80892e-56;0;-1.80849e-56
0.00108464;0.00264106;0.0189498;1.44713e-56;-0.0182578;-1.44679e-56
0.00139593;0.00256895;0.0673882;0.00378995;-0.0593845;-0.00365156
0.00163053;0.00264797;0.0634484;0.0165096;-0.0563036;-0.0147982
0.00183402;0.00270896;0.0600586;0.0258974;-0.0536182;-0.0230992
0.00200901;0.00270854;0.057102;0.0327296;-0.0512491;-0.029203
0.00214892;0.0026863;0.0545025;0.0376041;-0.0491454;-0.0336123
0.00225639;0.00272419;0.052202;0.0409838;-0.0472671;-0.0367189
0.00234995;0.0027006;0.0501558;0.0432274;-0.0455833;-0.0388285
0.00242008;0.00269467;0.0483268;0.0446131;-0.0440675;-0.0401795
0.002475;0.00269254;0.0466852;0.0453558;-0.0426984;-0.0409571
0.00251851;0.00271288;0.0452065;0.0456217;-0.0414581;-0.0413053
0.00255738;0.00270583;0.043871;0.0455387;-0.0403322;-0.0413359
0.00258707;0.00268005;0.0426618;0.0452051;-0.0393079;-0.0411352
0.00260567;0.00269408;0.0415642;0.0446965;-0.0383742;-0.0407697
0.00262335;0.00270694;0.0405665;0.04407;-0.0375222;-0.0402906
0.00264007;0.00268973;0.0396588;0.0433693;-0.0367443;-0.0397369
0.00265;0.00266296;0.0388321;0.0426272;-0.0360336;-0.0391384
0.00265259;0.00271104;0;0.0418682;0;-0.0385174
0.00266428;0.00265373;0;0.0334945;0;-0.0308139
0.00266217;0.0027362;0;0.0267956;0;-0.0246512
0.00267698;0.00269546;0;0.0214365;0;-0.0197209
0.00268067;0.00270374;0;0.0171492;0;-0.0157767
0.00268529;0.00266723;0;0.0137194;0;-0.0126214
0.00268168;0.00273514;0;0.0109755;0;-0.0100971
0.00269237;0.00267638;0;0.00878039;0;-0.00807769
0.00268917;0.00271737;0;0.00702431;0;-0.00646215
0.00269481;0.00264436;0;0.00561945;0;-0.00516972
0.00268472;0.00268894;0;0.00449556;0;-0.00413578
0.00268557;0.00270041;0;0.00359645;0;-0.00330862
0.00268853;0.00270384;0;0.00287716;0;-0.0026469
0.0026916;0.00269543;0;0.00230173;0;-0.00211752
0.00269236;0.00274666;0;0.00184138;0;-0.00169401
0.00270322;0.00272601;0;0.00147311;0;-0.00135521
0.00270778;0.00268495;0;0.00117848;0;-0.00108417
0.00270321;0.00269254;0;0.000942787;0;-0.000867335
0.00270108;0.00268559;0;0.00075423;0;-0.000693868
0.00269798;0.00270479;0;0.000603384;0;-0.000555095
0.00269934;0.00268789;0;0.000482707;0;-0.000444076
0.00269705;0.00267199;0;0.000386166;0;-0.000355261
0.00269204;0.00271136;0;0.000308933;0;-0.000284208
0.00269591;0.00267905;0;0.000247146;0;-0.000227367
0.00269253;0.00269466;0;0.000197717;0;-0.000181893
0.00269296;0.00272636;0;0.000158173;0;-0.000145515
0.00269964;0.00270499;0;0.000126539;0;-0.000116412
0.00270071;0.00267463;0;0.000101231;0;-9.31294e-05
0.00269549;0.00267796;0;8.09848e-05;0;-7.45036e-05
0.00269199;0.00269805;0;6.47879e-05;0;-5.96028e-05
0.0026932;0.00273632;0;5.18303e-05;0;-4.76823e-05
0.00270182;0.00268979;0;4.14642e-05;0;-3.81458e-05
0.00269942;0.00270667;0;3.31714e-05;0;-3.05167e-05
0.00270087;0.00270843;0;2.65371e-05;0;-2.44133e-05
0.00270238;0.0026968;0;2.12297e-05;0;-1.95307e-05
0.00270126;0.00271713;0;1.69837e-05;0;-1.56245e-05
0.00270444;0.00267265;0;1.3587e-05;0;-1.24996e-05
0.00269808;0.0026836;0;1.08696e-05;0;-9.9997e-06
0.00269518;0.00269869;0;8.69568e-06;0;-7.99976e-06
0.00269589;0.00270943;0;6.95654e-06;0;-6.39981e-06
0.0026986;0.00268586;0;5.56523e-06;0;-5.11985e-06
0.00269605;0.0026954;0;4.45219e-06;0;-4.09588e-06
0.00269592;0.00269546;0;3.56175e-06;0;-3.2767e-06
0.00269583;0.00268236;0;2.8494e-06;0;-2.62136e-06
0.00269313;0.00270005;0;2.27952e-06;0;-2.09709e-06
0.00269452;0.00269799;0;1.82362e-06;0;-1.67767e-06
0.00269521;0.00269184;0;1.45889e-06;0;-1.34214e-06
0.00269454;0.00269624;0;1.16711e-06;0;-1.07371e-06
0.00269488;0.00269916;0;9.33691e-07;0;-8.58967e-07
0.00269573;0.00269181;0;7.46953e-07;0;-6.87174e-07
0.00269495;0.0026661;0;5.97563e-07;0;-5.49739e-07
0.00268918;0.00272372;0;4.7805e-07;0;-4.39791e-07
0.00269609;0.00271271;0;3.8244e-07;0;-3.51833e-07
0.00269941;0.00271968;0;3.05952e-07;0;-2.81466e-07
0.00270347;0.00270925;0;2.44762e-07;0;-2.25173e-07
0.00270462;0.00271232;0;1.95809e-07;0;-1.80139e-07
0.00270616;0.00270852;0;1.56647e-07;0;-1.44111e-07
0.00270663;0.00268622;0;1.25318e-07;0;-1.15289e-07
0.00270255;0.00273543;0;1.00254e-07;0;-9.22309e-08
0.00270913;0.00274524;0;8.02035e-08;0;-7.37847e-08
0.00271635;0.0027184;0;6.41628e-08;0;-5.90278e-08
0.00271676;0.00269533;0;5.13302e-08;0;-4.72222e-08
0.00271247;0.00270484;0;4.10642e-08;0;-3.77778e-08
0.00271095;0.00267241;0;3.28513e-08;0;-3.02222e-08
0.00270324;0.00271;0;2.62811e-08;0;-2.41778e-08
0.00270459;0.0027246;0;2.10249e-08;0;-1.93422e-08
0.00270859;0.00267047;0;1.68199e-08;0;-1.54738e-08
0.00270097;0.00269188;0;1.34559e-08;0;-1.2379e-08
0.00269915;0.00268704;0;1.07647e-08;0;-9.90322e-09
0.00269673;0.00269786;0;8.61178e-09;0;-7.92258e-09
0.00269695;0.00268923;0;6.88943e-09;0;-6.33806e-09
0.00269541;0.00268848;0;5.51154e-09;0;-5.07045e-09
0.00269402;0.00268657;0;4.40923e-09;0;-4.05636e-09
0.00269253;0.00268927;0;3.52739e-09;0;-3.24509e-09
0.00269188;0.00268672;0;2.82191e-09;0;-2.59607e-09
0.00269085;0.00269733;0;2.25753e-09;0;-2.07686e-09
0.00269215;0.00273172;0;1.80602e-09;0;-1.66148e-09
0.00270006;0.00271942;0;1.44482e-09;0;-1.32919e-09
0.00270393;0.00270357;0;1.15585e-09;0;-1.06335e-09
0.00270386;0.00272667;0;9.24683e-10;0;-8.5068e-10
0.00270842;0.00270594;0;7.39747e-10;0;-6.80544e-10
0.00270792;0.00268546;0;5.91797e-10;0;-5.44435e-10
0.00270343;0.00272368;0;4.73438e-10;0;-4.35548e-10
0.00270748;0.00268053;0;3.7875e-10;0;-3.48439e-10
0.00270209;0.00267088;0;3.03e-10;0;-2.78751e-10
0.00269585;0.00270742;0;2.424e-10;0;-2.23001e-10
0.00269816;0.0026914;0;1.9392e-10;0;-1.78401e-10
0.00269681;0.00270363;0;1.55136e-10;0;-1.4272e-10
0.00269818;0.00271002;0;1.24109e-10;0;-1.14176e-10
0.00270055;0.00271654;0;9.92871e-11;0;-9.13411e-11
0.00270375;0.00272185;0;7.94297e-11;0;-7.30729e-11
0.00270737;0.00270642;0;6.35437e-11;0;-5.84583e-11
0.00270718;0.00267659;0;5.0835e-11;0;-4.67666e-11
0.00270106;0.00268043;0;4.0668e-11;0;-3.74133e-11
0.00269693;0.00269189;0;3.25344e-11;0;-2.99306e-11
0.00269593;0.00270244;0;2.60275e-11;0;-2.39445e-11
0.00269723;0.00270252;0;2.0822e-11;0;-1.91556e-11
0.00269829;0.00270975;0;1.66576e-11;0;-1.53245e-11
0.00270058;0.0027378;0;1.33261e-11;0;-1.22596e-11
0.00270802;0.00266036;0;1.06609e-11;0;-9.80767e-12
0.00269849;0.00268755;0;8.5287e-12;0;-7.84614e-12
0.0026963;0.00271575;0;6.82296e-12;0;-6.27691e-12
0.00270019;0.00267289;0;5.45837e-12;0;-5.02153e-12
0.00269473;0.00270619;0;4.36669e-12;0;-4.01722e-12
0.00269702;0.00267284;0;3.49335e-12;0;-3.21378e-12
0.00269219;0.00267308;0;2.79468e-12;0;-2.57102e-12
0.00268837;0.0026689;0;2.23575e-12;0;-2.05682e-12
0.00268447;0.00268257;0;1.7886e-12;0;-1.64545e-12
0.00268409;0.00268807;0;1.43088e-12;0;-1.31636e-12
0.00268489;0.00268489;0;1.1447e-12;0;-1.05309e-12
0.00268489;0.00266636;0;9.15762e-13;0;-8.42473e-13
0.00268118;0.00272872;0;7.3261e-13;0;-6.73978e-13
0.00269069;0.00274629;0;5.86088e-13;0;-5.39183e-13
0.00270181;0.00269483;0;4.6887e-13;0;-4.31346e-13
0.00270041;0.00266905;0;3.75096e-13;0;-3.45077e-13
0.00269414;0.00268804;0;3.00077e-13;0;-2.76061e-13
0.00269292;0.00270354;0;2.40061e-13;0;-2.20849e-13
0.00269505;0.00269371;0;1.92049e-13;0;-1.76679e-13
0.00269478;0.0026875;0;1.53639e-13;0;-1.41343e-13
0.00269332;0.00270078;0;1.22911e-13;0;-1.13075e-13
0.00269482;0.00272952;0;9.83292e-14;0;-9.04598e-14
0.00270176;0.00269147;0;7.86633e-14;0;-7.23679e-14
0.0026997;0.00267273;0;6.29307e-14;0;-5.78943e-14
0.0026943;0.00271767;0;5.03445e-14;0;-4.63154e-14
0.00269898;0.00266914;0;4.02756e-14;0;-3.70523e-14
0.00269301;0.00272049;0;3.22205e-14;0;-2.96419e-14
0.00269851;0.00274404;0;2.57764e-14;0;-2.37135e-14
0.00270761;0.00270735;0;2.06211e-14;0;-1.89708e-14
0.00270756;0.00270706;0;1.64969e-14;0;-1.51766e-14
0.00270746;0.00269007;0;1.31975e-14;0;-1.21413e-14
0.00270398;0.00270609;0;1.0558e-14;0;-9.71305e-15
0.0027044;0.00270597;0;8.44641e-15;0;-7.77044e-15
0.00270472;0.00270198;0;6.75713e-15;0;-6.21635e-15
0.00270417;0.0027104;0;5.4057e-15;0;-4.97308e-15
0.00270542;0.0026849;0;4.32456e-15;0;-3.97847e-15
0.00270131;0.00274699;0;3.45965e-15;0;-3.18277e-15
0.00271045;0.00270648;0;2.76772e-15;0;-2.54622e-15
0.00270966;0.00269329;0;2.21418e-15;0;-2.03697e-15
0.00270638;0.00269863;0;1.77134e-15;0;-1.62958e-15
0.00270483;0.00272459;0;1.41707e-15;0;-1.30366e-15
0.00270878;0.00269409;0;1.13366e-15;0;-1.04293e-15
0.00270584;0.00267973;0;9.06927e-16;0;-8.34345e-16
0.00270062;0.00271765;0;7.25541e-16;0;-6.67476e-16
0.00270403;0.00272463;0;5.80433e-16;0;-5.33981e-16
0.00270815;0.00266062;0;4.64346e-16;0;-4.27184e-16
0.00269864;0.00268204;0;3.71477e-16;0;-3.41748e-16
0.00269532;0.00272088;0;2.97182e-16;0;-2.73398e-16
0.00270044;0.00266857;0;2.37745e-16;0;-2.18718e-16
0.00269406;0.00272678;0;1.90196e-16;0;-1.74975e-16
0.00270061;0.00269405;0;1.52157e-16;0;-1.3998e-16
0.0026993;0.00270415;0;1.21726e-16;0;-1.11984e-16
0.00270027;0.00272582;0;9.73805e-17;0;-8.95871e-17
0.00270538;0.00269995;0;7.79044e-17;0;-7.16697e-17
0.00270429;0.00268836;0;6.23235e-17;0;-5.73357e-17
0.00270111;0.00268301;0;4.98588e-17;0;-4.58686e-17
0.00269749;0.00268734;0;3.98871e-17;0;-3.66949e-17
0.00269546;0.00267829;0;3.19096e-17;0;-2.93559e-17
0.00269202;0.00270486;0;2.55277e-17;0;-2.34847e-17
0.00269459;0.00269015;0;2.04222e-17;0;-1.87878e-17
0.0026937;0.00270797;0;1.63377e-17;0;-1.50302e-17
0.00269656;0.00268327;0;1.30702e-17;0;-1.20242e-17
0.0026939;0.00268567;0;1.04562e-17;0;-9.61934e-18
0.00269225;0.00268071;0;8.36492e-18;0;-7.69547e-18
0.00268994;0.00270666;0;6.69194e-18;0;-6.15638e-18
0.00269329;0.00267557;0;5.35355e-18;0;-4.9251e-18
0.00268974;0.00271749;0;4.28284e-18;0;-3.94008e-18
0.00269529;0.00273674;0;3.42627e-18;0;-3.15207e-18
0.00270358;0.00267398;0;2.74102e-18;0;-2.52165e-18
0.00269766;0.00268431;0;2.19281e-18;0;-2.01732e-18
0.00269499;0.00273268;0;1.75425e-18;0;-1.61386e-18
0.00270253;0.00273765;0;1.4034e-18;0;-1.29109e-18
0.00270955;0.00271284;0;1.12272e-18;0;-1.03287e-18
0.00271021;0.00269439;0;8.98177e-19;0;-8.26295e-19
0.00270705;0.00268854;0;7.18541e-19;0;-6.61036e-19
0.00270335;0.00273438;0;5.74833e-19;0;-5.28829e-19
0.00270955;0.00273334;0;4.59866e-19;0;-4.23063e-19
0.00271431;0.00270878;0;3.67893e-19;0;-3.3845e-19
0.0027132;0.00271337;0;2.94315e-19;0;-2.7076e-19
0.00271324;0.00269339;0;2.35452e-19;0;-2.16608e-19
0.00270927;0.00271226;0;1.88361e-19;0;-1.73287e-19
0.00270987;0.00268276;0;1.50689e-19;0;-1.38629e-19
0.00270445;0.00273522;0;1.20551e-19;0;-1.10903e-19
0.0027106;0.00266355;0;9.6441e-20;0;-8.87227e-20
0.00270119;0.00273357;0;7.71528e-20;0;-7.09782e-20
0.00270767;0.00268786;0;6.17222e-20;0;-5.67826e-20
0.0027037;0.00267981;0;4.93778e-20;0;-4.5426e-20
0.00269893;0.00268919;0;3.95022e-20;0;-3.63408e-20
0.00269698;0.0027196;0;3.16018e-20;0;-2.90727e-20
0.0027015;0.002689;0;2.52814e-20;0;-2.32581e-20
0.002699;0.00267703;0;2.02251e-20;0;-1.86065e-20
0.00269461;0.00269502;0;1.61801e-20;0;-1.48852e-20
0.00269469;0.00254365;0;1.29441e-20;0;-1.19082e-20
0.00266448;0.00175693;0;1.03553e-20;0;-9.52653e-21
0.00248297;0.000462599;0;8.28422e-21;0;-7.62123e-21
0.0020789;-0.000912211;0;6.62737e-21;0;-6.09698e-21
0.00148068;-0.00137802;0;5.3019e-21;0;-4.87758e-21
0.000908937;-0.00147979;0;4.24152e-21;0;-3.90207e-21
0.000431192;-0.00144289;0;3.39322e-21;0;-3.12165e-21
5.63747e-05;-0.00123935;0;2.71457e-21;0;-2.49732e-21
-0.00020277;-0.000883122;0;2.17166e-21;0;-1.99786e-21
-0.00033884;-0.00044627;0;1.73733e-21;0;-1.59829e-21
-0.000360326;0.000265248;0;1.38986e-21;0;-1.27863e-21
-0.000235211;0.000835147;0;1.11189e-21;0;-1.0229e-21
-2.11396e-05;0.000998701;0;8.89511e-22;0;-8.18323e-22
0.000182829;0.00118995;0;7.11609e-22;0;-6.54658e-22
0.000384253;0.00139373;0;5.69287e-22;0;-5.23727e-22
0.000586149;0.001392;0;4.5543e-22;0;-4.18981e-22
0.000747318;0.00142037;0;3.64344e-22;0;-3.35185e-22
0.00088193;0.00142053;0;2.91475e-22;0;-2.68148e-22
0.00098965;0.0013;0;2.3318e-22;0;-2.14518e-22
0.00105172;0.00119174;0;1.86544e-22;0;-1.71615e-22
0.00107972;0.00114569;0;1.49235e-22;0;-1.37292e-22
0.00109292;0.00117768;0;1.19388e-22;0;-1.09833e-22
0.00110987;0.00111824;0;9.55105e-23;0;-8.78668e-23
0.00111154;0.00113611;0;7.64084e-23;0;-7.02934e-23
0.00111646;0.00114042;0;6.11267e-23;0;-5.62347e-23
0.00112125;0.00113106;0;4.89014e-23;0;-4.49878e-23
0.00112321;0.001085;0;3.91211e-23;0;-3.59902e-23
0.00111557;0.00113014;0;3.12969e-23;0;-2.87922e-23
0.00111848;0.00112288;0;2.50375e-23;0;-2.30337e-23
0.00111936;0.00112309;0;2.003e-23;0;-1.8427e-23
0.00112011;0.00118566;0;1.6024e-23;0;-1.47416e-23
0.00113322;0.00120933;0;1.28192e-23;0;-1.17933e-23
0.00114844;0.00120912;0;1.02554e-23;0;-9.43462e-24
0.00116058;0.00125823;0;8.20429e-24;0;-7.5477e-24
0.00118011;0.00129489;0;6.56343e-24;0;-6.03816e-24
0.00120306;0.00136325;0;5.25075e-24;0;-4.83053e-24
0.0012351;0.00133106;0;4.2006e-24;0;-3.86442e-24
0.00125429;0.00135061;0;3.36048e-24;0;-3.09154e-24
0.00127356;0.00132943;0;2.68838e-24;0;-2.47323e-24
0.00128473;0.00141015;0;2.15071e-24;0;-1.97858e-24
0.00130981;0.00134283;0;1.72056e-24;0;-1.58287e-24
0.00131642;0.00137407;0;1.37645e-24;0;-1.26629e-24
0.00132795;0.00135825;0;1.10116e-24;0;-1.01303e-24
0.00133401;0.0013972;0;8.80929e-25;0;-8.10428e-25
0.00134665;0.00137457;0;7.04743e-25;0;-6.48342e-25
0.00135223;0.00133074;0;5.63795e-25;0;-5.18674e-25
0.00134793;0.00136208;0;4.51036e-25;0;-4.14939e-25
0.00135076;0.00136365;0;3.60829e-25;0;-3.31951e-25
0.00135334;0.00133405;0;2.88663e-25;0;-2.65561e-25
0.00134948;0.00139433;0;2.3093e-25;0;-2.12449e-25
0.00135845;0.00138067;0;1.84744e-25;0;-1.69959e-25
0.00136289;0.00138149;0;1.47795e-25;0;-1.35967e-25
0.00136661;0.00140405;0;1.18236e-25;0;-1.08774e-25
0.0013741;0.00138927;0;9.4589e-26;0;-8.7019e-26
0.00137713;0.00136323;0;7.56712e-26;0;-6.96152e-26
0.00137435;0.00143075;0;6.0537e-26;0;-5.56922e-26
0.00138563;0.00135154;0;4.84296e-26;0;-4.45537e-26
0.00137881;0.00137981;0;3.87437e-26;0;-3.5643e-26
0.00137901;0.00143667;0;3.09949e-26;0;-2.85144e-26
0.00139054;0.00138168;0;2.47959e-26;0;-2.28115e-26
0.00138877;0.00144764;0;1.98368e-26;0;-1.82492e-26
0.00140055;0.00143882;0;1.58694e-26;0;-1.45994e-26
0.0014082;0.00137257;0;1.26955e-26;0;-1.16795e-26
0.00140107;0.00143663;0;1.01564e-26;0;-9.3436e-27
0.00140819;0.00137171;0;8.12514e-27;0;-7.47488e-27
0.00140089;0.00136896;0;6.50011e-27;0;-5.9799e-27
0.0013945;0.00141607;0;5.20009e-27;0;-4.78392e-27
0.00139882;0.00136839;0;4.16007e-27;0;-3.82714e-27
0.00139273;0.00137892;0;3.32806e-27;0;-3.06171e-27
0.00138997;0.00142936;0;2.66244e-27;0;-2.44937e-27
0.00139785;0.00146791;0;2.12996e-27;0;-1.95949e-27
0.00141186;0.00141243;0;1.70396e-27;0;-1.5676e-27
0.00141197;0.00139969;0;1.36317e-27;0;-1.25408e-27
0.00140952;0.00140621;0;1.09054e-27;0;-1.00326e-27
0.00140886;0.00139237;0;8.7243e-28;0;-8.02609e-28
0.00140556;0.00144466;0;6.97944e-28;0;-6.42087e-28
0.00141338;0.00142222;0;5.58355e-28;0;-5.1367e-28
0.00141515;0.00139117;0;4.46684e-28;0;-4.10936e-28
0.00141035;0.00136467;0;3.57347e-28;0;-3.28749e-28
0.00140121;0.0014463;0;2.85878e-28;0;-2.62999e-28
0.00141023;0.0013756;0;2.28702e-28;0;-2.10399e-28
0.00140331;0.00140692;0;1.82962e-28;0;-1.68319e-28
0.00140403;0.00138595;0;1.46369e-28;0;-1.34655e-28
0.00140041;0.00143045;0;1.17096e-28;0;-1.07724e-28
0.00140642;0.00138369;0;9.36764e-29;0;-8.61795e-29
0.00140187;0.00131003;0;7.49412e-29;0;-6.89436e-29
0.0013835;0.00137796;0;5.99529e-29;0;-5.51549e-29
0.0013824;0.00143616;0;4.79623e-29;0;-4.41239e-29
0.00139315;0.0014238;0;3.83699e-29;0;-3.52991e-29
0.00139928;0.00139741;0;3.06959e-29;0;-2.82393e-29
0.0013989;0.00142013;0;2.45567e-29;0;-2.25914e-29
0.00140315;0.00142565;0;1.96454e-29;0;-1.80731e-29
0.00140765;0.00137422;0;1.57163e-29;0;-1.44585e-29
0.00140096;0.00140061;0;1.2573e-29;0;-1.15668e-29
0.00140089;0.00142621;0;1.00584e-29;0;-9.25345e-30
0.00140596;0.00142281;0;8.04675e-30;0;-7.40276e-30
0.00140933;0.00142726;0;6.4374e-30;0;-5.92221e-30
0.00141291;0.0013926;0;5.14992e-30;0;-4.73777e-30
0.00140885;0.00133739;0;4.11993e-30;0;-3.79021e-30
0.00139456;0.00140808;0;3.29595e-30;0;-3.03217e-30
0.00139726;0.00143131;0;2.63676e-30;0;-2.42574e-30
0.00140407;0.00140902;0;2.10941e-30;0;-1.94059e-30
0.00140506;0.0013626;0;1.68752e-30;0;-1.55247e-30
0.00139657;0.00139407;0;1.35002e-30;0;-1.24198e-30
0.00139607;0.00144672;0;1.08002e-30;0;-9.93582e-31
0.0014062;0.00139432;0;8.64013e-31;0;-7.94865e-31
0.00140382;0.00140923;0;6.9121e-31;0;-6.35892e-31
0.0014049;0.00140642;0;5.52968e-31;0;-5.08714e-31
0.00140521;0.0014283;0;4.42375e-31;0;-4.06971e-31
0.00140983;0.00144199;0;3.539e-31;0;-3.25577e-31
0.00141626;0.0013804;0;2.8312e-31;0;-2.60461e-31
0.00140909;0.00145833;0;2.26496e-31;0;-2.08369e-31
0.00141894;0.0014062;0;1.81197e-31;0;-1.66695e-31
0.00141639;0.00135867;0;1.44957e-31;0;-1.33356e-31
0.00140484;0.00140514;0;1.15966e-31;0;-1.06685e-31
0.0014049;0.00141521;0;9.27727e-32;0;-8.5348e-32
0.00140696;0.00130994;0;7.42181e-32;0;-6.82784e-32
0.00138756;0.00136996;0;5.93745e-32;0;-5.46227e-32
0.00138404;0.00143866;0;4.74996e-32;0;-4.36982e-32
0.00139496;0.00139826;0;3.79997e-32;0;-3.49585e-32
0.00139562;0.00143243;0;3.03997e-32;0;-2.79668e-32
0.00140298;0.00141928;0;2.43198e-32;0;-2.23735e-32
0.00140624;0.00143282;0;1.94558e-32;0;-1.78988e-32
0.00141156;0.00138961;0;1.55647e-32;0;-1.4319e-32
0.00140717;0.00141986;0;1.24517e-32;0;-1.14552e-32
0.0014097;0.00138302;0;9.96139e-33;0;-9.16417e-33
0.00140437;0.00145359;0;7.96911e-33;0;-7.33134e-33
0.00141421;0.00138749;0;6.37529e-33;0;-5.86507e-33
0.00140887;0.00138416;0;5.10023e-33;0;-4.69206e-33
0.00140393;0.00142492;0;4.08018e-33;0;-3.75364e-33
0.00140812;0.00139624;0;3.26415e-33;0;-3.00292e-33
0.00140575;0.00139434;0;2.61132e-33;0;-2.40233e-33
0.00140347;0.00139225;0;2.08905e-33;0;-1.92187e-33
0.00140122;0.00139571;0;1.67124e-33;0;-1.53749e-33
0.00140012;0.00138582;0;1.33699e-33;0;-1.22999e-33
0.00139726;0.00141924;0;1.0696e-33;0;-9.83995e-34
0.00140166;0.0013753;0;8.55677e-34;0;-7.87196e-34
0.00139639;0.00144573;0;6.84541e-34;0;-6.29757e-34
0.00140626;0.00143189;0;5.47633e-34;0;-5.03806e-34
0.00141138;0.00142698;0;4.38107e-34;0;-4.03045e-34
0.0014145;0.0013833;0;3.50485e-34;0;-3.22436e-34
0.00140826;0.00139467;0;2.80388e-34;0;-2.57949e-34
0.00140554;0.00144867;0;2.24311e-34;0;-2.06359e-34
0.00141417;0.00141365;0;1.79448e-34;0;-1.65087e-34
0.00141406;0.00139387;0;1.43559e-34;0;-1.3207e-34
0.00141003;0.00137433;0;1.14847e-34;0;-1.05656e-34
0.00140289;0.0013887;0;9.18776e-35;0;-8.45246e-35
0.00140005;0.00141372;0;7.35021e-35;0;-6.76197e-35
0.00140278;0.0013949;0;5.88017e-35;0;-5.40957e-35
0.00140121;0.00140955;0;4.70413e-35;0;-4.32766e-35
0.00140287;0.00140094;0;3.76331e-35;0;-3.46213e-35
0.00140249;0.00145066;0;3.01064e-35;0;-2.7697e-35
0.00141212;0.00133773;0;2.40852e-35;0;-2.21576e-35
0.00139724;0.00133555;0;1.92681e-35;0;-1.77261e-35
0.00138491;0.00139021;0;1.54145e-35;0;-1.41809e-35
0.00138597;0.00136407;0;1.23316e-35;0;-1.13447e-35
0.00138159;0.00138968;0;9.86528e-36;0;-9.07576e-36
0.00138321;0.0014711;0;7.89223e-36;0;-7.2606e-36
0.00140078;0.00141366;0;6.31378e-36;0;-5.80848e-36
0.00140336;0.00142764;0;5.05102e-36;0;-4.64679e-36
0.00140821;0.001434;0;4.04082e-36;0;-3.71743e-36
0.00141337;0.0014336;0;3.23266e-36;0;-2.97394e-36
0.00141742;0.00144463;0;2.58612e-36;0;-2.37916e-36
0.00142286;0.00141191;0;2.0689e-36;0;-1.90332e-36
0.00142067;0.00139916;0;1.65512e-36;0;-1.52266e-36
0.00141637;0.0014333;0;1.3241e-36;0;-1.21813e-36
0.00141976;0.00145457;0;1.05928e-36;0;-9.74502e-37
0.00142672;0.00142352;0;8.47421e-37;0;-7.79602e-37
0.00142608;0.00138235;0;6.77937e-37;0;-6.23681e-37
0.00141733;0.00141635;0;5.4235e-37;0;-4.98945e-37
0.00141714;0.00139022;0;4.3388e-37;0;-3.99156e-37
0.00141175;0.00138035;0;3.47104e-37;0;-3.19325e-37
0.00140547;0.00137787;0;2.77683e-37;0;-2.5546e-37
0.00139995;0.00138702;0;2.22146e-37;0;-2.04368e-37
0.00139736;0.00140582;0;1.77717e-37;0;-1.63494e-37
0.00139906;0.00139667;0;1.42174e-37;0;-1.30795e-37
0.00139858;0.00138067;0;1.13739e-37;0;-1.04636e-37
0.001395;0.001387;0;9.09912e-38;0;-8.37091e-38
0.0013934;0.00141878;0;7.27929e-38;0;-6.69673e-38
0.00139847;0.00141836;0;5.82343e-38;0;-5.35738e-38
0.00140245;0.00144729;0;4.65875e-38;0;-4.2859e-38
0.00141142;0.00145009;0;3.727e-38;0;-3.42872e-38
0.00141915;0.00140294;0;2.9816e-38;0;-2.74298e-38
0.00141591;0.00137964;0;2.38528e-38;0;-2.19438e-38
0.00140866;0.00140119;0;1.90822e-38;0;-1.75551e-38
0.00140716;0.00138302;0;1.52658e-38;0;-1.40441e-38
0.00140234;0.00137351;0;1.22126e-38;0;-1.12352e-38
0.00139657;0.0013871;0;9.7701e-39;0;-8.98819e-39
0.00139468;0.00143969;0;7.81608e-39;0;-7.19055e-39
0.00140368;0.00142825;0;6.25286e-39;0;-5.75244e-39
0.00140859;0.00140621;0;5.00229e-39;0;-4.60196e-39
0.00140812;0.0014;0;4.00183e-39;0;-3.68156e-39
0.00140649;0.00139598;0;3.20147e-39;0;-2.94525e-39
0.00140439;0.00145741;0;2.56117e-39;0;-2.3562e-39
0.00141499;0.00138737;0;2.04894e-39;0;-1.88496e-39
0.00140947;0.00142647;0;1.63915e-39;0;-1.50797e-39
0.00141287;0.001447;0;1.31132e-39;0;-1.20637e-39
0.0014197;0.00141905;0;1.04906e-39;0;-9.651e-40
0.00141957;0.00146394;0;8.39245e-40;0;-7.7208e-40
0.00142844;0.00140202;0;6.71396e-40;0;-6.17664e-40
0.00142316;0.00144081;0;5.37117e-40;0;-4.94131e-40
0.00142669;0.00140832;0;4.29694e-40;0;-3.95305e-40
0.00142301;0.0014217;0;3.43755e-40;0;-3.16244e-40
0.00142275;0.0014056;0;2.75004e-40;0;-2.52995e-40
0.00141932;0.00139529;0;2.20003e-40;0;-2.02396e-40
0.00141452;0.00139471;0;1.76003e-40;0;-1.61917e-40
0.00141055;0.00132849;0;1.40802e-40;0;-1.29534e-40
0.00139414;0.0014209;0;1.12642e-40;0;-1.03627e-40
0.00139949;0.00146251;0;9.01133e-41;0;-8.29015e-41
0.0014121;0.00137582;0;7.20906e-41;0;-6.63212e-41
